username, deviceName, position, distance, timestamp,targetPointX, targetPointY, gazePointX, gazePointY,faceTransform_0_x, faceTransform_0_y, faceTransform_0_z, faceTransform_0_w,faceTransform_1_x, faceTransform_1_y, faceTransform_1_z, faceTransform_1_w,faceTransform_2_x, faceTransform_2_y, faceTransform_2_z, faceTransform_2_w,faceTransform_3_x, faceTransform_3_y, faceTransform_3_z, faceTransform_3_w,rightEyeTransform_0_x, rightEyeTransform_0_y, rightEyeTransform_0_z, rightEyeTransform_0_w,rightEyeTransform_1_x, rightEyeTransform_1_y, rightEyeTransform_1_z, rightEyeTransform_1_w,rightEyeTransform_2_x, rightEyeTransform_2_y, rightEyeTransform_2_z, rightEyeTransform_2_w,rightEyeTransform_3_x, rightEyeTransform_3_y, rightEyeTransform_3_z, rightEyeTransform_3_w,leftEyeTransform_0_x, leftEyeTransform_0_y, leftEyeTransform_0_z, leftEyeTransform_0_w,leftEyeTransform_1_x, leftEyeTransform_1_y, leftEyeTransform_1_z, leftEyeTransform_1_w,leftEyeTransform_2_x, leftEyeTransform_2_y, leftEyeTransform_2_z, leftEyeTransform_2_w,leftEyeTransform_3_x, leftEyeTransform_3_y, leftEyeTransform_3_z, leftEyeTransform_3_w,lookAtPointX, lookAtPointY, lookAtPointZ
victor,iPad Mini 6th,Middle,Regular,1715694046.711232,0.0,0.0,229.15064203222906,146.01430109941114,0.9999205,-0.0044636987,-0.011793342,0.0,0.0041844985,0.99971294,-0.02359388,0.0,0.011895318,0.023542656,0.99965197,0.0,0.06862871,-0.0032822466,-0.38051197,1.0,0.99653846,-0.010765148,0.082433864,0.0,0.0,0.9915805,0.12949182,0.0,-0.08313381,-0.12904358,0.9881481,0.0,-0.03144449,0.03050292,0.0254751,1.0,0.9885571,-0.019387655,0.14959574,0.0,0.0,0.99170613,0.12852542,0.0,-0.15084684,-0.12705474,0.9803582,0.0,0.031501435,0.030554913,0.025463846,1.0,-0.10735803,-0.08874642,0.9354631
victor,iPad Mini 6th,Middle,Regular,1715694046.72787,0.0,0.0,230.18079230517856,145.47982592704727,0.999916,-0.00445634,-0.012161417,0.0,0.004172348,0.99972034,-0.023278173,0.0,0.012261733,0.02322548,0.999655,0.0,0.068603404,-0.0032231717,-0.38058475,1.0,0.99653554,-0.010765087,0.082468346,0.0,0.0,0.99158746,0.12943785,0.0,-0.08316799,-0.12898943,0.9881522,0.0,-0.03144449,0.03050292,0.0254751,1.0,0.98855346,-0.019382613,0.14962035,0.0,0.0,0.9917131,0.12847176,0.0,-0.15087059,-0.12700121,0.98036146,0.0,0.031501435,0.030554913,0.025463846,1.0,-0.10740043,-0.088713415,0.9355944
victor,iPad Mini 6th,Middle,Regular,1715694046.744448,0.0,0.0,231.02019348834443,146.3547759128837,0.9999138,-0.0046197185,-0.012281476,0.0,0.004331541,0.99971694,-0.023388222,0.0,0.012386113,0.023333015,0.9996508,0.0,0.06856072,-0.0031896066,-0.38062954,1.0,0.99655414,-0.010733762,0.082245976,0.0,0.0,0.991591,0.1294106,0.0,-0.08294344,-0.12896469,0.9881742,0.0,-0.03144449,0.03050292,0.0254751,1.0,0.98858744,-0.019350285,0.14940047,0.0,0.0,0.9917164,0.12844668,0.0,-0.15064839,-0.12698078,0.98039836,0.0,0.031501435,0.030554913,0.025463846,1.0,-0.10719736,-0.08869104,0.9356355
victor,iPad Mini 6th,Middle,Regular,1715694046.7611,0.0,0.0,231.0998017687028,146.93591635949969,0.9999119,-0.0048904964,-0.012337261,0.0,0.0046008215,0.9997155,-0.023399765,0.0,0.012448198,0.023340942,0.99964994,0.0,0.06849872,-0.003152261,-0.38064587,1.0,0.99656636,-0.0107136015,0.08210129,0.0,0.0,0.99159306,0.12939543,0.0,-0.08279736,-0.12895115,0.9881883,0.0,-0.03144449,0.03050292,0.0254751,1.0,0.98861,-0.019329194,0.14925383,0.0,0.0,0.99171823,0.12843297,0.0,-0.15050024,-0.12697013,0.9804226,0.0,0.031501435,0.030554913,0.025463846,1.0,-0.1070693,-0.08868527,0.9357111
victor,iPad Mini 6th,Middle,Regular,1715694046.777875,0.0,0.0,230.05284530323323,149.1301405049684,0.9999135,-0.0050036157,-0.012158509,0.0,0.004709932,0.9996994,-0.024064401,0.0,0.012275204,0.024005055,0.9996366,0.0,0.068439595,-0.0031483604,-0.38062868,1.0,0.9965721,-0.010715798,0.082032494,0.0,0.0,0.9915758,0.12952824,0.0,-0.08272943,-0.12908421,0.98817664,0.0,-0.03144449,0.03050292,0.0254751,1.0,0.9886198,-0.01934075,0.14918675,0.0,0.0,0.99170095,0.12856531,0.0,-0.1504352,-0.12710223,0.9804153,0.0,0.031501435,0.030554913,0.025463846,1.0,-0.10700534,-0.08880668,0.9356933
victor,iPad Mini 6th,Middle,Regular,1715694046.794575,0.0,0.0,228.0820741897493,149.59019508371202,0.999916,-0.0050306777,-0.011953258,0.0,0.00474025,0.9996959,-0.02420234,0.0,0.01207138,0.02414364,0.9996357,0.0,0.06836492,-0.003126481,-0.3805372,1.0,0.9965627,-0.0107404245,0.08214243,0.0,0.0,0.99155986,0.1296501,0.0,-0.08284162,-0.12920445,0.9881516,0.0,-0.03144449,0.03050292,0.0254751,1.0,0.9886023,-0.019373646,0.14929895,0.0,0.0,0.9916855,0.12868519,0.0,-0.15055071,-0.12721847,0.98038256,0.0,0.031501435,0.030554913,0.025463846,1.0,-0.10710177,-0.08891133,0.9356122
victor,iPad Mini 6th,Middle,Regular,1715694046.811233,0.0,0.0,225.94151989094854,149.5965541835845,0.9999172,-0.005045507,-0.011840651,0.0,0.004758066,0.9996964,-0.024179712,0.0,0.011959037,0.024121368,0.99963754,0.0,0.06829427,-0.003104728,-0.38052136,1.0,0.9965407,-0.010778014,0.082403414,0.0,0.0,0.99155444,0.12969108,0.0,-0.08310527,-0.12924246,0.9881245,0.0,-0.03144449,0.03050292,0.0254751,1.0,0.9885628,-0.019412765,0.14955501,0.0,0.0,0.9916805,0.1287236,0.0,-0.15080968,-0.12725137,0.98033845,0.0,0.031501435,0.030554913,0.025463846,1.0,-0.10734242,-0.08894948,0.9355903
victor,iPad Mini 6th,Middle,Regular,1715694046.827863,0.0,0.0,224.4665434100027,149.61300178024712,0.9999194,-0.0051036375,-0.011627044,0.0,0.004821962,0.99969727,-0.024126446,0.0,0.011746668,0.024068436,0.99964136,0.0,0.06822988,-0.0031049908,-0.3804935,1.0,0.9965411,-0.010773989,0.082400344,0.0,0.0,0.9915601,0.12964822,0.0,-0.08310171,-0.12919979,0.9881304,0.0,-0.03144449,0.03050292,0.0254751,1.0,0.9885635,-0.019405719,0.14955088,0.0,0.0,0.9916859,0.12868112,0.0,-0.15080467,-0.12720948,0.9803446,0.0,0.031501435,0.030554913,0.025463846,1.0,-0.10734084,-0.08891199,0.9356109
victor,iPad Mini 6th,Middle,Regular,1715694046.8445358,0.0,0.0,223.32417654005562,146.79737882656374,0.99991906,-0.005127802,-0.011637133,0.0,0.0048547564,0.99971515,-0.023371438,0.0,0.011753675,0.02331305,0.9996591,0.0,0.068172514,-0.0030970394,-0.38048518,1.0,0.9965282,-0.010793733,0.08255373,0.0,0.0,0.9915606,0.12964454,0.0,-0.083256364,-0.12919444,0.9881181,0.0,-0.03144449,0.03050292,0.0254751,1.0,0.98853964,-0.019425161,0.14970677,0.0,0.0,0.9916867,0.12867604,0.0,-0.15096176,-0.12720136,0.9803216,0.0,0.031501435,0.030554913,0.025463846,1.0,-0.107476115,-0.088899165,0.9355276
victor,iPad Mini 6th,Middle,Regular,1715694046.861112,0.0,0.0,221.58646882753672,146.08855434829792,0.9999213,-0.0052169063,-0.011405723,0.0,0.004951422,0.999719,-0.02318194,0.0,0.011523483,0.023123644,0.99966615,0.0,0.06814172,-0.0031142368,-0.38049355,1.0,0.9965167,-0.01080724,0.08268963,0.0,0.0,0.9915671,0.1295943,0.0,-0.083392866,-0.1291429,0.9881132,0.0,-0.03144449,0.03050292,0.0254751,1.0,0.9885195,-0.019434454,0.14983878,0.0,0.0,0.9916933,0.12862504,0.0,-0.15109387,-0.12714836,0.9803082,0.0,0.031501435,0.030554913,0.025463846,1.0,-0.107602954,-0.08885549,0.9355431
victor,iPad Mini 6th,Middle,Regular,1715694052.194977,566.5,0.0,854.3548216735285,75.21490407342043,0.9999996,0.00032785189,-0.00090967567,0.0,-0.0003350999,0.9999682,-0.007978851,0.0,0.00090699847,0.007979154,0.99996775,0.0,0.07668932,-0.005303257,-0.37874833,1.0,0.99723464,0.009427825,-0.07371689,0.0,0.0,0.99192077,0.12685907,0.0,0.074317314,-0.12650825,0.98917776,0.0,-0.03143114,0.030502338,0.025462423,1.0,0.9999831,0.0007404825,-0.005771483,0.0,0.0,0.9918698,0.12725711,0.0,0.0058187908,-0.12725495,0.991853,0.0,0.03148788,0.030554347,0.025452271,1.0,0.03681683,-0.08694531,0.941255
victor,iPad Mini 6th,Middle,Regular,1715694052.211633,566.5,0.0,855.1947966100663,73.97442537686953,0.99999917,0.0005336295,-0.0011472801,0.0,-0.0005422995,0.9999711,-0.007569284,0.0,0.0011432087,0.007569905,0.9999707,0.0,0.0767042,-0.005313377,-0.37877622,1.0,0.99724174,0.009406103,-0.07362414,0.0,0.0,0.99193746,0.12672834,0.0,0.074222565,-0.12637879,0.9892014,0.0,-0.03143114,0.030502338,0.025462423,1.0,0.9999836,0.0007276447,-0.005677404,0.0,0.0,0.9918867,0.12712519,0.0,0.005723843,-0.12712312,0.99187046,0.0,0.03148788,0.030554347,0.025452271,1.0,0.03672992,-0.08682245,0.94126266
victor,iPad Mini 6th,Middle,Regular,1715694052.2282739,566.5,0.0,855.7926476236404,75.48523753717188,0.9999991,0.00049516506,-0.001195312,0.0,-0.00050429045,0.9999706,-0.0076456014,0.0,0.0011914476,0.007646201,0.99997,0.0,0.07672364,-0.0053184247,-0.37884572,1.0,0.9972398,0.009381699,-0.073652945,0.0,0.0,0.99198496,0.12635618,0.0,0.074248046,-0.12600742,0.9892469,0.0,-0.03143114,0.030502338,0.025462423,1.0,0.9999833,0.00073033955,-0.005715471,0.0,0.0,0.9919343,0.12675224,0.0,0.0057619447,-0.12675016,0.99191785,0.0,0.03148788,0.030554347,0.025452271,1.0,0.03676577,-0.08649366,0.94142824
victor,iPad Mini 6th,Middle,Regular,1715694052.244997,566.5,0.0,855.0873134783874,77.65184980161547,0.9999992,0.0006243677,-0.0010453445,0.0,-0.00063276093,0.9999674,-0.00804798,0.0,0.0010402919,0.008048639,0.9999671,0.0,0.07671031,-0.005310082,-0.37880483,1.0,0.9972374,0.009377327,-0.07368472,0.0,0.0,0.9919991,0.12624462,0.0,0.07427902,-0.12589586,0.98925865,0.0,-0.03143114,0.030502338,0.025462423,1.0,0.99998313,0.00073446665,-0.005752916,0.0,0.0,0.99194854,0.12664066,0.0,0.005799611,-0.12663855,0.99193186,0.0,0.03148788,0.030554347,0.025452271,1.0,0.03680077,-0.08639993,0.94151396
victor,iPad Mini 6th,Middle,Regular,1715694052.261626,566.5,0.0,853.4223768185443,79.53591243676311,0.99999934,0.0009234609,-0.00077444257,0.0,-0.00092985283,0.9999651,-0.00829404,0.0,0.00076671643,0.008294756,0.9999654,0.0,0.07672002,-0.0052885152,-0.3788009,1.0,0.99725217,0.009339338,-0.07349087,0.0,0.0,0.9920217,0.12606771,0.0,0.07408192,-0.1257213,0.9892958,0.0,-0.03143114,0.030502338,0.025462423,1.0,0.99998426,0.000709259,-0.0055634654,0.0,0.0,0.9919715,0.1264616,0.0,0.0056084935,-0.1264596,0.9919559,0.0,0.03148788,0.030554347,0.025452271,1.0,0.036626253,-0.086244665,0.9416155
victor,iPad Mini 6th,Middle,Regular,1715694052.278316,566.5,0.0,851.4807954078584,82.55189484921027,0.99999934,0.0009257046,-0.0005970934,0.0,-0.00093101116,0.99995947,-0.008948429,0.0,0.0005888251,0.008948977,0.99995977,0.0,0.076722175,-0.005294322,-0.37878847,1.0,0.99727553,0.009289768,-0.073178545,0.0,0.0,0.99203837,0.1259359,0.0,0.07376584,-0.1255928,0.98933566,0.0,-0.03143114,0.030502338,0.025462423,1.0,0.99998593,0.00066809636,-0.0052462677,0.0,0.0,0.99198854,0.12632674,0.0,0.005288637,-0.12632498,0.9919747,0.0,0.03148788,0.030554347,0.025452271,1.0,0.036333118,-0.08611589,0.9415997
victor,iPad Mini 6th,Middle,Regular,1715694052.295028,566.5,0.0,851.6681258838008,84.81559096546619,0.9999994,0.0008294976,-0.00059765414,0.0,-0.0008351557,0.9999542,-0.0095302025,0.0,0.0005896771,0.009530698,0.9999543,0.0,0.076714195,-0.0053094868,-0.37876487,1.0,0.99726796,0.009300334,-0.0732805,0.0,0.0,0.99204236,0.12590423,0.0,0.07386831,-0.12556027,0.98933214,0.0,-0.03143114,0.030502338,0.025462423,1.0,0.99998546,0.00068183726,-0.0053554997,0.0,0.0,0.9919926,0.12629588,0.0,0.0053987294,-0.12629405,0.99197817,0.0,0.03148788,0.030554347,0.025452271,1.0,0.03643447,-0.086098485,0.94169015
victor,iPad Mini 6th,Middle,Regular,1715694052.3116078,566.5,0.0,850.3177973229116,84.52221174127476,0.9999997,0.00049817725,-0.00038357195,0.0,-0.0005018785,0.9999527,-0.009710843,0.0,0.00037873007,0.0097110355,0.9999527,0.0,0.076731496,-0.0053416034,-0.3788456,1.0,0.9972842,0.009282233,-0.07306171,0.0,0.0,0.9920259,0.1260334,0.0,0.07364899,-0.12569113,0.9893318,0.0,-0.03143114,0.030502338,0.025462423,1.0,0.99998665,0.00065441115,-0.0051348074,0.0,0.0,0.99197644,0.12642352,0.0,0.00517634,-0.12642184,0.9919632,0.0,0.03148788,0.030554347,0.025452271,1.0,0.036230613,-0.08621602,0.9416732
victor,iPad Mini 6th,Middle,Regular,1715694052.328319,566.5,0.0,850.4051990865722,85.07284763361525,0.9999998,5.4394714e-05,-0.00046359428,0.0,-5.9025457e-05,0.99994993,-0.009993907,0.0,0.0004629996,0.009993939,0.99995,0.0,0.076728985,-0.0053788405,-0.37884793,1.0,0.9972858,0.009282001,-0.07303908,0.0,0.0,0.99202144,0.12606874,0.0,0.073626496,-0.12572658,0.989329,0.0,-0.03143114,0.030502338,0.025462423,1.0,0.99998665,0.0006530533,-0.005122703,0.0,0.0,0.9919719,0.12645873,0.0,0.0051641613,-0.12645705,0.9919587,0.0,0.03148788,0.030554347,0.025452271,1.0,0.036220178,-0.08626689,0.94181305
victor,iPad Mini 6th,Middle,Regular,1715694052.3450031,566.5,0.0,852.9736060561158,82.0894018186359,0.9999998,1.0547607e-05,-0.00073401205,0.0,-1.7532426e-05,0.99995464,-0.009516188,0.0,0.0007338905,0.009516197,0.9999545,0.0,0.076771535,-0.0053986013,-0.37899825,1.0,0.9972725,0.00931674,-0.07321697,0.0,0.0,0.99200094,0.1262305,0.0,0.07380736,-0.1258862,0.98929524,0.0,-0.03143114,0.030502338,0.025462423,1.0,0.9999857,0.0006768356,-0.0053022816,0.0,0.0,0.991951,0.12662242,0.0,0.005345306,-0.1266206,0.9919368,0.0,0.03148788,0.030554347,0.025452271,1.0,0.036386095,-0.08641867,0.94179726
victor,iPad Mini 6th,Middle,Regular,1715694056.878936,1133.0,0.0,1581.9547096575338,121.75586509493394,0.9998842,-0.0071763094,-0.013414205,0.0,0.0072529335,0.9999575,0.005672313,0.0,0.013372907,-0.005768945,0.9998939,0.0,0.07741386,-0.007005394,-0.3783099,1.0,0.9703092,0.022251124,-0.24084224,0.0,0.0,0.9957593,0.091997,0.0,0.24186793,-0.089265525,0.96619433,0.0,-0.031389065,0.030394154,0.02552713,1.0,0.9835354,0.016860155,-0.17992742,0.0,0.0,0.9956384,0.09329661,0.0,0.18071564,-0.091760516,0.9792456,0.0,0.031447552,0.030451387,0.025511704,1.0,0.20765227,-0.060914926,0.9844967
victor,iPad Mini 6th,Middle,Regular,1715694056.895417,1133.0,0.0,1583.0329834945558,121.79538235842713,0.9998844,-0.0071941493,-0.013396843,0.0,0.007272071,0.99995685,0.005776801,0.0,0.013354679,-0.005873556,0.9998936,0.0,0.07742528,-0.0069933026,-0.37824604,1.0,0.97022945,0.022264253,-0.24116215,0.0,0.0,0.9957655,0.09192975,0.0,0.2421877,-0.08919294,0.96612096,0.0,-0.031389065,0.030394154,0.02552713,1.0,0.9834737,0.016879419,-0.1802623,0.0,0.0,0.99564457,0.09323026,0.0,0.18105085,-0.09168952,0.97919035,0.0,0.031447552,0.030451387,0.025511704,1.0,0.20799646,-0.060858347,0.98453075
victor,iPad Mini 6th,Middle,Regular,1715694056.912274,1133.0,0.0,1581.7702479484515,120.86638002367468,0.99988574,-0.007181925,-0.013292366,0.0,0.0072599724,0.99995667,0.005832696,0.0,0.013249855,-0.0059285313,0.9998946,0.0,0.07742216,-0.0069718077,-0.37818393,1.0,0.9702559,0.022323182,-0.24105005,0.0,0.0,0.9957393,0.092213504,0.0,0.2420815,-0.0894707,0.966122,0.0,-0.031389065,0.030394154,0.02552713,1.0,0.98349464,0.016920755,-0.18014438,0.0,0.0,0.9956176,0.09351722,0.0,0.18093732,-0.091973685,0.9791846,0.0,0.031447552,0.030451387,0.025511704,1.0,0.20787364,-0.061135583,0.9844853
victor,iPad Mini 6th,Middle,Regular,1715694056.928936,1133.0,0.0,1584.0184049108836,118.44638392634278,0.99988484,-0.0070752995,-0.013431846,0.0,0.007159421,0.99995506,0.006225179,0.0,0.013387205,-0.0063206297,0.9998903,0.0,0.077408135,-0.0069341096,-0.3781436,1.0,0.9701482,0.022448758,-0.24147181,0.0,0.0,0.99570644,0.09256721,0.0,0.24251306,-0.08980391,0.96598274,0.0,-0.031389065,0.030394154,0.02552713,1.0,0.9834096,0.01702939,-0.18059823,0.0,0.0,0.9955838,0.09387791,0.0,0.18139933,-0.092320435,0.9790666,0.0,0.031447552,0.030451387,0.025511704,1.0,0.20837517,-0.061518475,0.98467904
victor,iPad Mini 6th,Middle,Regular,1715694056.945376,1133.0,0.0,1585.9400005791133,117.2534311341019,0.9998783,-0.0072629238,-0.013805852,0.0,0.0073530623,0.9999519,0.0064895856,0.0,0.013758031,-0.0065903114,0.9998836,0.0,0.0773978,-0.0068654967,-0.37812397,1.0,0.97011966,0.022501916,-0.24158111,0.0,0.0,0.99569,0.0927429,0.0,0.24262682,-0.08997171,0.9659385,0.0,-0.031389065,0.030394154,0.02552713,1.0,0.98338735,0.017073082,-0.18071464,0.0,0.0,0.99556684,0.09405655,0.0,0.18151933,-0.092494026,0.9790279,0.0,0.031447552,0.030451387,0.025511704,1.0,0.20850052,-0.06169938,0.98470235
victor,iPad Mini 6th,Middle,Regular,1715694056.962115,1133.0,0.0,1587.760328777193,116.65177900443865,0.99987787,-0.0072480193,-0.013851448,0.0,0.0073401188,0.99995124,0.006609878,0.0,0.013802833,-0.006710738,0.99988234,0.0,0.07737495,-0.0067921127,-0.3781465,1.0,0.9700252,0.022588018,-0.24195254,0.0,0.0,0.9956705,0.092953034,0.0,0.24300463,-0.090166785,0.96582544,0.0,-0.031389065,0.030394154,0.02552713,1.0,0.9833137,0.01714966,-0.18110743,0.0,0.0,0.9955464,0.09427157,0.0,0.1819176,-0.09269854,0.9789345,0.0,0.031447552,0.030451387,0.025511704,1.0,0.20891577,-0.06192587,0.9847753
victor,iPad Mini 6th,Middle,Regular,1715694056.9788918,1133.0,0.0,1592.7472018350768,114.52391899899231,0.99987566,-0.007353916,-0.0139488345,0.0,0.0074501117,0.99994874,0.0068569025,0.0,0.013897708,-0.0069599734,0.9998791,0.0,0.0773574,-0.0067084427,-0.3781498,1.0,0.9697628,0.02279937,-0.24298193,0.0,0.0,0.9956267,0.09342119,0.0,0.24404924,-0.09059639,0.96552175,0.0,-0.031389065,0.030394154,0.02552713,1.0,0.9831105,0.017340826,-0.18218951,0.0,0.0,0.9955009,0.09475193,0.0,0.1830129,-0.093151614,0.9786874,0.0,0.031447552,0.030451387,0.025511704,1.0,0.21004146,-0.062430557,0.9848842
victor,iPad Mini 6th,Middle,Regular,1715694056.9954119,1133.0,0.0,1593.9355406939512,114.65212897123314,0.999878,-0.0072785537,-0.01381822,0.0,0.0073738117,0.9999493,0.0068552704,0.0,0.013767618,-0.006956324,0.999881,0.0,0.07735813,-0.0066736965,-0.37819424,1.0,0.96967995,0.02284274,-0.24330842,0.0,0.0,0.99562186,0.09347285,0.0,0.24437834,-0.09063875,0.96543455,0.0,-0.031389065,0.030394154,0.02552713,1.0,0.9830471,0.017383017,-0.18252721,0.0,0.0,0.99549574,0.09480624,0.0,0.18335308,-0.093199,0.9786192,0.0,0.031447552,0.030451387,0.025511704,1.0,0.21037717,-0.062486228,0.9848424
victor,iPad Mini 6th,Middle,Regular,1715694057.0121632,1133.0,0.0,1592.2688827739926,116.07164262622359,0.9998858,-0.0068827826,-0.013444133,0.0,0.006967987,0.9999558,0.0063010436,0.0,0.01340019,-0.0063940017,0.99988973,0.0,0.07734014,-0.006698803,-0.37821928,1.0,0.96968424,0.022894775,-0.2432864,0.0,0.0,0.9956012,0.09369232,0.0,0.2443613,-0.09085196,0.96541876,0.0,-0.031389065,0.030394154,0.02552713,1.0,0.9830521,0.017421259,-0.18249659,0.0,0.0,0.99547446,0.09502872,0.0,0.18332623,-0.09341819,0.9786033,0.0,0.031447552,0.030451387,0.025511704,1.0,0.21032393,-0.062692225,0.98470235
victor,iPad Mini 6th,Middle,Regular,1715694057.028792,1133.0,0.0,1592.9384529590607,116.56442505355895,0.999888,-0.0066577694,-0.013407874,0.0,0.006739222,0.9999593,0.006038815,0.0,0.01336713,-0.006128502,0.9998919,0.0,0.07734693,-0.006734674,-0.3782716,1.0,0.96966076,0.022919351,-0.24337769,0.0,0.0,0.99559504,0.09375712,0.0,0.24445449,-0.09091261,0.9653895,0.0,-0.031389065,0.030394154,0.02552713,1.0,0.98303384,0.017442727,-0.18259315,0.0,0.0,0.9954683,0.09509493,0.0,0.18342437,-0.093481526,0.978579,0.0,0.031447552,0.030451387,0.025511704,1.0,0.21042593,-0.062760964,0.98471797
victor,iPad Mini 6th,Middle,Regular,1715694061.4625669,0.0,372.0,199.42416904831498,309.6170748595412,0.99993217,0.008853356,-0.007567619,0.0,-0.008642979,0.9995875,0.027394041,0.0,0.0078070797,-0.027326785,0.99959606,0.0,0.07680869,-0.0059387605,-0.3762922,1.0,0.9939297,-0.0027048062,0.10998427,0.0,0.0,0.9996977,0.024585228,0.0,-0.11001753,-0.024435988,0.9936292,0.0,-0.031370644,0.030354936,0.025488202,1.0,0.9843501,-0.0043013566,0.1761715,0.0,0.0,0.99970204,0.02440846,0.0,-0.176224,-0.02402647,0.98405683,0.0,0.031431127,0.030411342,0.025476031,1.0,-0.13309188,0.0076167756,0.9444668
victor,iPad Mini 6th,Middle,Regular,1715694061.479124,0.0,372.0,200.8573810650608,309.70452443598293,0.99992937,0.008981735,-0.0077766418,0.0,-0.008767567,0.9995929,0.02714936,0.0,0.008017318,-0.027079264,0.9996011,0.0,0.07680495,-0.0059515783,-0.37626058,1.0,0.9939497,-0.0027212708,0.10980157,0.0,0.0,0.9996929,0.024775922,0.0,-0.10983528,-0.024626022,0.99364454,0.0,-0.031370644,0.030354936,0.025488202,1.0,0.9843818,-0.0043303315,0.17599359,0.0,0.0,0.99969745,0.024597608,0.0,-0.17604685,-0.024213437,0.98408395,0.0,0.031431127,0.030411342,0.025476031,1.0,-0.13292155,0.0074407174,0.94446874
victor,iPad Mini 6th,Middle,Regular,1715694061.495822,0.0,372.0,201.49931546271316,309.0941703801784,0.99993,0.00900044,-0.007684248,0.0,-0.008790737,0.99959946,0.026900707,0.0,0.007923313,-0.026831275,0.9996087,0.0,0.07681783,-0.0059673595,-0.37633038,1.0,0.9939767,-0.0027550224,0.10955658,0.0,0.0,0.9996839,0.02513908,0.0,-0.10959121,-0.024987662,0.9936626,0.0,-0.031370644,0.030354936,0.025488202,1.0,0.98442614,-0.0043875193,0.17574337,0.0,0.0,0.99968845,0.02495771,0.0,-0.17579813,-0.024569025,0.9841195,0.0,0.031431127,0.030411342,0.025476031,1.0,-0.13271117,0.007101128,0.9446324
victor,iPad Mini 6th,Middle,Regular,1715694061.512563,0.0,372.0,202.1131837579209,307.02048225560054,0.9999299,0.0090709105,-0.0076167327,0.0,-0.0088630635,0.9995991,0.026892258,0.0,0.007857619,-0.026822863,0.9996094,0.0,0.07683513,-0.005980981,-0.3763565,1.0,0.9939977,-0.002807701,0.10936502,0.0,0.0,0.99967057,0.025664294,0.0,-0.109401055,-0.025510252,0.9936703,0.0,-0.031370644,0.030354936,0.025488202,1.0,0.9844591,-0.004474316,0.17555653,0.0,0.0,0.99967533,0.025478194,0.0,-0.17561352,-0.025082242,0.98413956,0.0,0.031431127,0.030411342,0.025476031,1.0,-0.13253298,0.006615534,0.9446305
victor,iPad Mini 6th,Middle,Regular,1715694061.5291672,0.0,372.0,203.1611442917914,305.4564186104639,0.99993074,0.008817531,-0.007794147,0.0,-0.008603896,0.9995976,0.02703081,0.0,0.00802937,-0.02696189,0.99960417,0.0,0.076843336,-0.0059994073,-0.3764009,1.0,0.9940066,-0.002834985,0.10928278,0.0,0.0,0.99966365,0.025933012,0.0,-0.10931954,-0.025777586,0.9936723,0.0,-0.031370644,0.030354936,0.025488202,1.0,0.9844744,-0.0045188745,0.17546964,0.0,0.0,0.99966854,0.025744492,0.0,-0.17552781,-0.025344796,0.98414814,0.0,0.031431127,0.030411342,0.025476031,1.0,-0.13246685,0.006364612,0.94472283
victor,iPad Mini 6th,Middle,Regular,1715694061.5457969,0.0,372.0,203.84154407175507,302.5220406619817,0.9999344,0.008681591,-0.0074963868,0.0,-0.008473844,0.9995912,0.027313383,0.0,0.0077304626,-0.027248068,0.99959886,0.0,0.07684798,-0.0060212878,-0.3764532,1.0,0.99405974,-0.0028724277,0.10879771,0.0,0.0,0.9996516,0.026392348,0.0,-0.108835615,-0.026235573,0.9937135,0.0,-0.031370644,0.030354936,0.025488202,1.0,0.98456085,-0.004586169,0.17498237,0.0,0.0,0.9996567,0.026200322,0.0,-0.17504247,-0.025795812,0.9842228,0.0,0.031431127,0.030411342,0.025476031,1.0,-0.13203742,0.005935004,0.94493705
victor,iPad Mini 6th,Middle,Regular,1715694061.5624661,0.0,372.0,205.24582935599832,300.96926083316015,0.9999326,0.00861142,-0.007809545,0.0,-0.00839533,0.9995925,0.027292857,0.0,0.00804139,-0.027225457,0.999597,0.0,0.076808624,-0.0060534226,-0.37637925,1.0,0.99407685,-0.0029118245,0.108640276,0.0,0.0,0.999641,0.026792817,0.0,-0.108679295,-0.02663412,0.99372,0.0,-0.031370644,0.030354936,0.025488202,1.0,0.9845886,-0.0046515004,0.17482467,0.0,0.0,0.9996462,0.026597245,0.0,-0.17488655,-0.026187345,0.98424023,0.0,0.031431127,0.030411342,0.025476031,1.0,-0.13189732,0.005563099,0.9449939
victor,iPad Mini 6th,Middle,Regular,1715694061.579124,0.0,372.0,205.65393534818972,298.75580399653575,0.9999337,0.0083878245,-0.007903179,0.0,-0.008166446,0.9995846,0.027638717,0.0,0.00813177,-0.027572347,0.9995867,0.0,0.07676629,-0.006054537,-0.37634146,1.0,0.9940902,-0.0029405942,0.10851693,0.0,0.0,0.999633,0.027088078,0.0,-0.10855676,-0.026927995,0.9937254,0.0,-0.031370644,0.030354936,0.025488202,1.0,0.9846104,-0.0046993787,0.17470035,0.0,0.0,0.9996384,0.026889926,0.0,-0.17476353,-0.026476102,0.98425436,0.0,0.031431127,0.030411342,0.025476031,1.0,-0.13178872,0.0052885,0.9450497
victor,iPad Mini 6th,Middle,Regular,1715694061.595792,0.0,372.0,205.42182820284464,298.8231841581544,0.99993426,0.008325705,-0.007879081,0.0,-0.008105429,0.99958646,0.027587783,0.0,0.0081055295,-0.027522104,0.99958825,0.0,0.07669966,-0.006038197,-0.3763134,1.0,0.9941057,-0.0029474075,0.108374655,0.0,0.0,0.99963033,0.027186412,0.0,-0.108414724,-0.027026167,0.99373823,0.0,-0.031370644,0.030354936,0.025488202,1.0,0.98463446,-0.0047127805,0.17456426,0.0,0.0,0.99963576,0.026987562,0.0,-0.17462787,-0.026572885,0.9842759,0.0,0.031431127,0.030411342,0.025476031,1.0,-0.13165213,0.0051987404,0.9450165
victor,iPad Mini 6th,Middle,Regular,1715694061.612489,0.0,372.0,206.57961469466292,298.36492255869814,0.9999324,0.00835601,-0.00809829,0.0,-0.008127026,0.9995775,0.02790717,0.0,0.0083281305,-0.027839473,0.9995777,0.0,0.07663526,-0.0059937956,-0.37628195,1.0,0.9941341,-0.0029326547,0.1081148,0.0,0.0,0.99963236,0.027115405,0.0,-0.108154565,-0.02695635,0.99376863,0.0,-0.031370644,0.030354936,0.025488202,1.0,0.9846791,-0.0046937973,0.17431274,0.0,0.0,0.9996376,0.026917689,0.0,-0.17437594,-0.026505286,0.98432225,0.0,0.031431127,0.030411342,0.025476031,1.0,-0.13140732,0.0052655386,0.9450044
victor,iPad Mini 6th,Middle,Regular,1715694065.929563,566.5,372.0,827.8692185174763,357.1616381073561,0.9999838,-0.0006661239,-0.0056352937,0.0,0.0008305315,0.9995726,0.02922346,0.0,0.005613312,-0.029227663,0.9995572,0.0,0.0789672,-0.0071510454,-0.37691328,1.0,0.9982339,0.00045124503,-0.059404004,0.0,0.0,0.99997115,0.0075959866,0.0,0.059405718,-0.0075825714,0.9982051,0.0,-0.03144665,0.030397292,0.02550751,1.0,0.9999737,-5.5671142e-05,0.0072569284,0.0,0.0,0.9999706,0.0076712216,0.0,-0.0072571416,-0.00767102,0.9999443,0.0,0.03150574,0.030455751,0.025507722,1.0,0.024663161,0.023222534,0.96835816
victor,iPad Mini 6th,Middle,Regular,1715694065.946203,566.5,372.0,829.870948406655,357.2941034171056,0.9999841,-0.0005189284,-0.0056113,0.0,0.0006834808,0.99956846,0.029363558,0.0,0.005593614,-0.029366922,0.999553,0.0,0.07896825,-0.00711364,-0.3768929,1.0,0.99819905,0.0004511453,-0.05998633,0.0,0.0,0.9999717,0.0075205886,0.0,0.059988026,-0.007507045,0.99817085,0.0,-0.03144665,0.030397292,0.02550751,1.0,0.99997765,-5.072209e-05,0.006677288,0.0,0.0,0.9999711,0.0075959913,0.0,-0.006677481,-0.0075958217,0.9999488,0.0,0.03150574,0.030455751,0.025507722,1.0,0.025210276,0.023294117,0.96827716
victor,iPad Mini 6th,Middle,Regular,1715694065.962857,566.5,372.0,829.0078320841152,356.61537708447673,0.99998325,-0.0005235571,-0.005753036,0.0,0.0006941308,0.999559,0.029687505,0.0,0.005734938,-0.029691,0.99954265,0.0,0.0789586,-0.0071019633,-0.37689722,1.0,0.9982204,0.0004414088,-0.059631325,0.0,0.0,0.9999726,0.0074020945,0.0,0.05963296,-0.007388921,0.99819297,0.0,-0.03144665,0.030397292,0.02550751,1.0,0.9999752,-5.2635576e-05,0.0070393616,0.0,0.0,0.9999721,0.0074771135,0.0,-0.007039558,-0.007476928,0.9999473,0.0,0.03150574,0.030455751,0.025507722,1.0,0.024869407,0.023406727,0.96820486
victor,iPad Mini 6th,Middle,Regular,1715694065.979632,566.5,372.0,829.2710892562791,356.51222100947786,0.99998283,-0.0006408045,-0.005818065,0.0,0.00081379514,0.9995562,0.029780198,0.0,0.0057963766,-0.029784415,0.99953955,0.0,0.07893806,-0.007091948,-0.3768725,1.0,0.99821585,0.00043974823,-0.05970652,0.0,0.0,0.9999728,0.0073649622,0.0,0.059708145,-0.007351822,0.99818873,0.0,-0.03144665,0.030397292,0.02550751,1.0,0.99997574,-5.179204e-05,0.006961149,0.0,0.0,0.9999723,0.007439951,0.0,-0.0069613415,-0.0074397707,0.9999481,0.0,0.03150574,0.030455751,0.025507722,1.0,0.024942886,0.02344149,0.96824205
victor,iPad Mini 6th,Middle,Regular,1715694065.996202,566.5,372.0,831.2468089925961,356.7488584158223,0.9999806,-0.00068616273,-0.00619295,0.0,0.0008698835,0.9995581,0.02971217,0.0,0.0061698505,-0.02971698,0.9995392,0.0,0.078939684,-0.0070905043,-0.37689435,1.0,0.998208,0.00044094614,-0.05983759,0.0,0.0,0.9999728,0.0073688487,0.0,0.05983922,-0.0073556434,0.99818087,0.0,-0.03144665,0.030397292,0.02550751,1.0,0.9999767,-5.0790226e-05,0.006822875,0.0,0.0,0.9999723,0.007443903,0.0,-0.0068230634,-0.00744373,0.99994904,0.0,0.03150574,0.030455751,0.025507722,1.0,0.025072629,0.023437086,0.96833396
victor,iPad Mini 6th,Middle,Regular,1715694066.012893,566.5,372.0,832.482865006905,356.95410673144295,0.99997926,-0.00081758597,-0.006388867,0.0,0.0010064736,0.9995608,0.029617805,0.0,0.0063618594,-0.02962362,0.9995409,0.0,0.07892581,-0.007109917,-0.37693834,1.0,0.9981996,0.000440622,-0.05997914,0.0,0.0,0.99997306,0.007346056,0.0,0.059980758,-0.0073328298,0.9981727,0.0,-0.03144665,0.030397292,0.02550751,1.0,0.99997777,-4.9511465e-05,0.006671503,0.0,0.0,0.9999725,0.0074211317,0.0,-0.0066716867,-0.007420967,0.9999503,0.0,0.03150574,0.030455751,0.025507722,1.0,0.025214504,0.023457613,0.9684623
victor,iPad Mini 6th,Middle,Regular,1715694066.029535,566.5,372.0,828.6603287918362,357.3178544160653,0.99998045,-0.0010452766,-0.0061237225,0.0,0.0012250044,0.9995664,0.029419487,0.0,0.0060903234,-0.029426418,0.99954826,0.0,0.07891636,-0.007134748,-0.37693784,1.0,0.998244,0.0004374402,-0.05923502,0.0,0.0,0.99997276,0.007384623,0.0,0.059236635,-0.007371655,0.99821675,0.0,-0.03144665,0.030397292,0.02550751,1.0,0.99997234,-5.5368462e-05,0.007422434,0.0,0.0,0.9999721,0.0074594016,0.0,-0.0074226405,-0.0074591963,0.99994457,0.0,0.03150574,0.030455751,0.025507722,1.0,0.02450664,0.02342179,0.9684213
victor,iPad Mini 6th,Middle,Regular,1715694066.046214,566.5,372.0,829.3523709839724,355.85128103137953,0.99998057,-0.0013112007,-0.006069409,0.0,0.0014901231,0.9995615,0.029569916,0.0,0.0060279407,-0.02957838,0.99954426,0.0,0.07890422,-0.0071802936,-0.3770191,1.0,0.99823076,0.0004451394,-0.059456572,0.0,0.0,0.9999719,0.007486589,0.0,0.059458237,-0.0074733435,0.9982028,0.0,-0.03144665,0.030397292,0.02550751,1.0,0.999974,-5.4484433e-05,0.0072051473,0.0,0.0,0.9999714,0.00756166,0.0,-0.0072053536,-0.0075614634,0.9999454,0.0,0.03150574,0.030455751,0.025507722,1.0,0.024712097,0.023325955,0.96834385
victor,iPad Mini 6th,Middle,Regular,1715694066.063043,566.5,372.0,827.5513591494147,353.1766101560724,0.99998116,-0.0016397467,-0.005923282,0.0,0.0018166734,0.99954855,0.029988866,0.0,0.005871442,-0.02999906,0.99953276,0.0,0.078871675,-0.0072258343,-0.3770798,1.0,0.99824816,0.00045243278,-0.059164222,0.0,0.0,0.99997073,0.0076468433,0.0,0.05916595,-0.0076334476,0.998219,0.0,-0.03144665,0.030397292,0.02550751,1.0,0.99997187,-5.7948968e-05,0.007504128,0.0,0.0,0.9999702,0.0077220486,0.0,-0.0075043514,-0.007721831,0.99994206,0.0,0.03150574,0.030455751,0.025507722,1.0,0.024430718,0.023175268,0.9682707
victor,iPad Mini 6th,Middle,Regular,1715694066.079674,566.5,372.0,825.3050190726603,351.9836693170268,0.9999812,-0.0017966769,-0.005841844,0.0,0.001971986,0.9995436,0.03014316,0.0,0.005785022,-0.030154118,0.99952847,0.0,0.07882322,-0.0072501623,-0.37705263,1.0,0.99827063,0.0004557786,-0.058784977,0.0,0.0,0.99996996,0.0077530844,0.0,0.058786742,-0.007739676,0.9982406,0.0,-0.03144665,0.030397292,0.02550751,1.0,0.9999689,-6.174533e-05,0.007887231,0.0,0.0,0.9999693,0.007828278,0.0,-0.007887472,-0.007828034,0.99993825,0.0,0.03150574,0.030455751,0.025507722,1.0,0.02406971,0.023075301,0.96824306
victor,iPad Mini 6th,Middle,Regular,1715694070.313212,1133.0,372.0,1822.5210834675886,307.9008470388848,0.99989885,-0.005394695,-0.0131582795,0.0,0.005905276,0.99921876,0.039077777,0.0,0.012937191,-0.03915153,0.99914956,0.0,0.07918619,-0.007385401,-0.3771548,1.0,0.9556225,0.0019539297,-0.29458746,0.0,0.0,0.999978,0.00663262,0.0,0.29459393,-0.006338281,0.95560145,0.0,-0.031419244,0.030435534,0.025412563,1.0,0.97123927,0.0016192402,-0.23810007,0.0,0.0,0.9999769,0.0068005132,0.0,0.23810558,-0.0066049257,0.97121686,0.0,0.03147975,0.030496575,0.025415491,1.0,0.27578247,0.023518903,1.0219331
victor,iPad Mini 6th,Middle,Regular,1715694070.3299341,1133.0,372.0,1827.0170148902052,305.6149657922467,0.9998972,-0.005332521,-0.01331301,0.0,0.0058563426,0.9991976,0.039622966,0.0,0.013090993,-0.03969685,0.9991261,0.0,0.07924542,-0.0073772785,-0.37715894,1.0,0.95541734,0.001975847,-0.29525217,0.0,0.0,0.9999776,0.0066919154,0.0,0.2952588,-0.006393572,0.95539594,0.0,-0.031419244,0.030435534,0.025412563,1.0,0.9710664,0.0016384731,-0.2388036,0.0,0.0,0.99997646,0.006861013,0.0,0.2388092,-0.0066624996,0.9710436,0.0,0.03147975,0.030496575,0.025415491,1.0,0.27657175,0.023454892,1.0220295
victor,iPad Mini 6th,Middle,Regular,1715694070.346638,1133.0,372.0,1828.70652731948,303.7780704655516,0.9998962,-0.0051796325,-0.013448133,0.0,0.0057140877,0.99918276,0.04001245,0.0,0.013229954,-0.040085137,0.9991087,0.0,0.079320535,-0.007362705,-0.37718722,1.0,0.9554112,0.0020209572,-0.29527175,0.0,0.0,0.99997663,0.0068442374,0.0,0.29527864,-0.006539061,0.95538884,0.0,-0.031419244,0.030435534,0.025412563,1.0,0.97106063,0.0016756116,-0.23882717,0.0,0.0,0.9999754,0.007015828,0.0,0.23883304,-0.006812795,0.9710368,0.0,0.03147975,0.030496575,0.025415491,1.0,0.2766103,0.023295576,1.0220809
victor,iPad Mini 6th,Middle,Regular,1715694070.363251,1133.0,372.0,1829.1230722675173,301.08891231760265,0.9998971,-0.004670299,-0.013551655,0.0,0.0052209855,0.99915,0.040889382,0.0,0.013349158,-0.040955935,0.9990717,0.0,0.07942342,-0.007300404,-0.37727216,1.0,0.95552135,0.0020457383,-0.29491487,0.0,0.0,0.9999759,0.006936541,0.0,0.29492196,-0.0066280128,0.95549834,0.0,-0.031419244,0.030435534,0.025412563,1.0,0.97115505,0.0016952604,-0.23844291,0.0,0.0,0.9999747,0.0071095326,0.0,0.23844893,-0.0069044586,0.9711305,0.0,0.03147975,0.030496575,0.025415491,1.0,0.27615154,0.023201318,1.021915
victor,iPad Mini 6th,Middle,Regular,1715694070.3800569,1133.0,372.0,1825.894179541295,298.8903013494775,0.99989736,-0.004332843,-0.013658165,0.0,0.0049001025,0.999115,0.041776437,0.0,0.013465094,-0.041839074,0.99903363,0.0,0.07949698,-0.0072048414,-0.37732968,1.0,0.9558361,0.0020436337,-0.2938929,0.0,0.0,0.9999758,0.0069535,0.0,0.29389998,-0.0066464073,0.95581305,0.0,-0.031419244,0.030435534,0.025412563,1.0,0.97142786,0.0016913645,-0.23732902,0.0,0.0,0.99997455,0.007126484,0.0,0.23733504,-0.0069228653,0.9714031,0.0,0.03147975,0.030496575,0.025415491,1.0,0.2747679,0.02319115,1.0212097
victor,iPad Mini 6th,Middle,Regular,1715694070.39658,1133.0,372.0,1826.562984721867,296.6739996523838,0.99989843,-0.004006204,-0.013672786,0.0,0.0045845904,0.9990844,0.04253601,0.0,0.013489896,-0.042594384,0.99900126,0.0,0.0795507,-0.0071072807,-0.3773375,1.0,0.9558368,0.002087982,-0.2938905,0.0,0.0,0.9999747,0.007104446,0.0,0.29389793,-0.006790691,0.95581263,0.0,-0.031419244,0.030435534,0.025412563,1.0,0.97142845,0.0017277546,-0.23732613,0.0,0.0,0.9999735,0.0072798925,0.0,0.23733242,-0.007071895,0.97140276,0.0,0.03147975,0.030496575,0.025415491,1.0,0.2747628,0.023033954,1.0212007
victor,iPad Mini 6th,Middle,Regular,1715694070.413289,1133.0,372.0,1827.5800581992144,295.9050386488203,0.99989367,-0.0040038223,-0.01402241,0.0,0.004597051,0.99908453,0.04253228,0.0,0.013839278,-0.042592216,0.9989966,0.0,0.079553775,-0.0070686433,-0.3772756,1.0,0.9558509,0.002182261,-0.29384375,0.0,0.0,0.9999724,0.0074263993,0.0,0.29385182,-0.007098531,0.95582455,0.0,-0.031419244,0.030435534,0.025412563,1.0,0.9714409,0.0018050219,-0.23727481,0.0,0.0,0.9999711,0.007607085,0.0,0.23728167,-0.0073898337,0.97141284,0.0,0.03147975,0.030496575,0.025415491,1.0,0.27469778,0.022698948,1.0211601
victor,iPad Mini 6th,Middle,Regular,1715694070.429895,1133.0,372.0,1823.4469301587956,299.0719301512861,0.99989474,-0.004411404,-0.013828825,0.0,0.0049825525,0.99912447,0.041542653,0.0,0.013633479,-0.041607182,0.9990411,0.0,0.07955918,-0.0071342126,-0.37720266,1.0,0.9560324,0.002159501,-0.2932529,0.0,0.0,0.9999729,0.0073637553,0.0,0.2932608,-0.0070399893,0.9560066,0.0,-0.031419244,0.030435534,0.025412563,1.0,0.9715945,0.0017851135,-0.23664522,0.0,0.0,0.99997157,0.007543202,0.0,0.23665196,-0.0073289336,0.9715669,0.0,0.03147975,0.030496575,0.025415491,1.0,0.27397466,0.02276691,1.0209988
victor,iPad Mini 6th,Middle,Regular,1715694070.446728,1133.0,372.0,1822.8559641856846,301.1313461607366,0.99988884,-0.005116744,-0.013987395,0.0,0.005676674,0.999172,0.04028905,0.0,0.013769624,-0.040363986,0.99909014,0.0,0.079507604,-0.007280629,-0.37705317,1.0,0.9560192,0.0022186155,-0.2932956,0.0,0.0,0.9999714,0.0075642182,0.0,0.293304,-0.0072315386,0.9559919,0.0,-0.031419244,0.030435534,0.025412563,1.0,0.97158575,0.0018336151,-0.23668085,0.0,0.0,0.99996996,0.0077469726,0.0,0.23668796,-0.0075268485,0.9715566,0.0,0.03147975,0.030496575,0.025415491,1.0,0.273975,0.022559287,1.0208397
victor,iPad Mini 6th,Middle,Regular,1715694070.463241,1133.0,372.0,1823.5079392673463,301.06703797029695,0.9998805,-0.0054748794,-0.014463363,0.0,0.0060518105,0.9991754,0.040151346,0.0,0.014231602,-0.040234078,0.99908894,0.0,0.079474,-0.0073838267,-0.3769927,1.0,0.95606714,0.002154517,-0.29313996,0.0,0.0,0.999973,0.007349591,0.0,0.2931479,-0.0070267017,0.9560413,0.0,-0.031419244,0.030435534,0.025412563,1.0,0.97162706,0.001780698,-0.23651132,0.0,0.0,0.99997157,0.007528804,0.0,0.23651803,-0.00731519,0.9715995,0.0,0.03147975,0.030496575,0.025415491,1.0,0.27376515,0.022783967,1.0207351
victor,iPad Mini 6th,Middle,Regular,1715694074.696982,0.0,744.0,206.15628033172428,556.6530677853373,0.999975,0.0022572838,-0.006719372,0.0,-0.001980471,0.9991605,0.040921655,0.0,0.0068061063,-0.040907316,0.9991399,0.0,0.08032742,-0.007455002,-0.37695038,1.0,0.99316806,0.0070820805,0.116477534,0.0,0.0,0.99815667,-0.060690034,0.0,-0.11669263,0.060275406,0.99133736,0.0,-0.03142267,0.030563693,0.025136584,1.0,0.98336,0.010907341,0.18133995,0.0,0.0,0.998196,-0.060040075,0.0,-0.18166767,0.05904101,0.98158604,0.0,0.031468052,0.03061501,0.025150267,1.0,-0.14131202,0.08782099,0.960402
victor,iPad Mini 6th,Middle,Regular,1715694074.713633,0.0,744.0,202.5383589129279,562.4530569500341,0.9999756,0.002319744,-0.006607504,0.0,-0.0020456251,0.99914914,0.041194748,0.0,0.0066974564,-0.041180223,0.9991294,0.0,0.080400765,-0.0075202473,-0.37712795,1.0,0.9930456,0.007388358,0.11749725,0.0,0.0,0.9980288,-0.062757164,0.0,-0.117729306,0.06232073,0.9910882,0.0,-0.03142267,0.030563693,0.025136584,1.0,0.98318166,0.011338355,0.1822784,0.0,0.0,0.99807096,-0.06208351,0.0,-0.1826307,0.061039366,0.98128504,0.0,0.031468052,0.03061501,0.025150267,1.0,-0.14237683,0.089826085,0.96103394
victor,iPad Mini 6th,Middle,Regular,1715694074.730335,0.0,744.0,198.94819281349973,563.6028348010356,0.99997884,0.0023119797,-0.006075563,0.0,-0.0020592269,0.9991453,0.041283127,0.0,0.0061658607,-0.04126975,0.99912894,0.0,0.08048149,-0.0075848405,-0.3772892,1.0,0.99297184,0.007495615,0.11811232,0.0,0.0,0.9979923,-0.06333434,0.0,-0.11834992,0.062889226,0.99097836,0.0,-0.03142267,0.030563693,0.025136584,1.0,0.9830732,0.01147883,0.18285337,0.0,0.0,0.99803543,-0.06265282,0.0,-0.18321331,0.06159231,0.9811419,0.0,0.031468052,0.03061501,0.025150267,1.0,-0.14300437,0.090396196,0.9613223
victor,iPad Mini 6th,Middle,Regular,1715694074.7469869,0.0,744.0,196.12064057095782,564.7534493757046,0.999981,0.002499779,-0.0056536286,0.0,-0.0022619388,0.99912804,0.041690174,0.0,0.0057529905,-0.041676603,0.99911445,0.0,0.08056124,-0.007642559,-0.37745833,1.0,0.99291116,0.0076376065,0.11861296,0.0,0.0,0.9979332,-0.06425791,0.0,-0.118858606,0.0638024,0.9908591,0.0,-0.03142267,0.030563693,0.025136584,1.0,0.98298514,0.01167605,0.18331377,0.0,0.0,0.9979777,-0.06356553,0.0,-0.18368524,0.06248397,0.9809972,0.0,0.031468052,0.03061501,0.025150267,1.0,-0.14352888,0.09129661,0.9616402
victor,iPad Mini 6th,Middle,Regular,1715694074.763654,0.0,744.0,196.8572562281776,565.6649880921982,0.9999817,0.0025244763,-0.005487485,0.0,-0.0022920175,0.9991165,0.04196306,0.0,0.0055885743,-0.041949715,0.999104,0.0,0.08060266,-0.0076870513,-0.37752643,1.0,0.99294376,0.007698135,0.118336275,0.0,0.0,0.9978908,-0.064915836,0.0,-0.1185864,0.064457774,0.99084944,0.0,-0.03142267,0.030563693,0.025136584,1.0,0.9830359,0.011778478,0.18303484,0.0,0.0,0.99793583,-0.064218186,0.0,-0.18341343,0.063128784,0.98100674,0.0,0.031468052,0.03061501,0.025150267,1.0,-0.14328192,0.09192643,0.96175283
