username, deviceName, position, distance, timestamp,targetPointX, targetPointY, gazePointX, gazePointY,faceTransform_0_x, faceTransform_0_y, faceTransform_0_z, faceTransform_0_w,faceTransform_1_x, faceTransform_1_y, faceTransform_1_z, faceTransform_1_w,faceTransform_2_x, faceTransform_2_y, faceTransform_2_z, faceTransform_2_w,faceTransform_3_x, faceTransform_3_y, faceTransform_3_z, faceTransform_3_w,rightEyeTransform_0_x, rightEyeTransform_0_y, rightEyeTransform_0_z, rightEyeTransform_0_w,rightEyeTransform_1_x, rightEyeTransform_1_y, rightEyeTransform_1_z, rightEyeTransform_1_w,rightEyeTransform_2_x, rightEyeTransform_2_y, rightEyeTransform_2_z, rightEyeTransform_2_w,rightEyeTransform_3_x, rightEyeTransform_3_y, rightEyeTransform_3_z, rightEyeTransform_3_w,leftEyeTransform_0_x, leftEyeTransform_0_y, leftEyeTransform_0_z, leftEyeTransform_0_w,leftEyeTransform_1_x, leftEyeTransform_1_y, leftEyeTransform_1_z, leftEyeTransform_1_w,leftEyeTransform_2_x, leftEyeTransform_2_y, leftEyeTransform_2_z, leftEyeTransform_2_w,leftEyeTransform_3_x, leftEyeTransform_3_y, leftEyeTransform_3_z, leftEyeTransform_3_w,lookAtPointX, lookAtPointY, lookAtPointZ
lucas,iPad Mini 6th,Middle,Arms Extended,1715166803.50701,0.0,0.0,795.2131847227652,870.2424556739687,0.9990908,0.029650629,0.030635642,0.0,-0.024659691,0.9880591,-0.15208799,0.0,-0.034779314,0.15119426,0.98789185,0.0,0.05510815,0.0422843,-0.7484294,1.0,0.999949,0.0019428716,-0.009905092,0.0,0.0,0.9813006,0.19248089,0.0,0.01009384,-0.1924711,0.98125064,0.0,-0.03348042,0.030363241,0.027197944,1.0,0.9979394,-0.012323812,0.06296821,0.0,0.0,0.98138106,0.19207083,0.0,-0.06416285,-0.19167505,0.97935885,0.0,0.033454467,0.030334972,0.027159443,1.0,-0.024397984,-0.14613138,0.9269519
lucas,iPad Mini 6th,Middle,Arms Extended,1715166803.5234241,0.0,0.0,772.0731374785656,875.0954051322825,0.99901986,0.030358953,0.032212958,0.0,-0.025114488,0.9880186,-0.1522783,0.0,-0.03645,0.15132003,0.9878125,0.0,0.055099096,0.042567156,-0.7487772,1.0,0.9999462,0.0019988385,-0.010176275,0.0,0.0,0.98125005,0.19273855,0.0,0.010370725,-0.19272819,0.9811973,0.0,-0.033518516,0.030363701,0.027222492,1.0,0.9979518,-0.012303148,0.0627757,0.0,0.0,0.98133093,0.19232696,0.0,-0.06396996,-0.19193304,0.979321,0.0,0.033487722,0.030331587,0.027184853,1.0,-0.024187349,-0.1463685,0.92693436
lucas,iPad Mini 6th,Middle,Arms Extended,1715166803.5403562,0.0,0.0,748.910618227298,864.8544333835287,0.99897337,0.030368118,0.033617374,0.0,-0.024966877,0.9882468,-0.15081362,0.0,-0.03780218,0.14981945,0.98799044,0.0,0.05507067,0.042864315,-0.7491443,1.0,0.9999451,0.0020136419,-0.010283004,0.0,0.0,0.98136115,0.19217244,0.0,0.0104783075,-0.19216189,0.98130727,0.0,-0.033518516,0.030363701,0.027222492,1.0,0.99795884,-0.012245966,0.06267462,0.0,0.0,0.98144114,0.19176336,0.0,-0.063859776,-0.19137195,0.97943795,0.0,0.033487722,0.030331587,0.027184853,1.0,-0.024090128,-0.14583737,0.9269739
lucas,iPad Mini 6th,Middle,Arms Extended,1715166803.5568562,0.0,0.0,734.2484464326243,874.010772195388,0.9989516,0.030335901,0.034280468,0.0,-0.02484818,0.9882993,-0.15048873,0.0,-0.03844458,0.14947915,0.98801714,0.0,0.055036787,0.042980276,-0.749443,1.0,0.9999463,0.0019852133,-0.0101747,0.0,0.0,0.98149234,0.19150162,0.0,0.010366561,-0.19149134,0.98143965,0.0,-0.033518516,0.030363701,0.027222492,1.0,0.9979523,-0.012222666,0.062783405,0.0,0.0,0.9815721,0.19109234,0.0,-0.063962094,-0.19070104,0.9795621,0.0,0.033487722,0.030331587,0.027184853,1.0,-0.024189582,-0.14521945,0.92708045
lucas,iPad Mini 6th,Middle,Arms Extended,1715166803.574188,0.0,0.0,727.2217366991082,869.6853889625843,0.99893785,0.03088892,0.034190234,0.0,-0.02540379,0.9882655,-0.15061767,0.0,-0.038441453,0.14958914,0.98800063,0.0,0.05501382,0.04308399,-0.74973106,1.0,0.99995154,0.0018908745,-0.009667023,0.0,0.0,0.98140216,0.19196273,0.0,0.009850216,-0.19195344,0.9813546,0.0,-0.033518516,0.030363701,0.027222492,1.0,0.99791867,-0.012351709,0.06329048,0.0,0.0,0.98148376,0.19154544,0.0,-0.064484484,-0.19114678,0.97944105,0.0,0.033487722,0.030331587,0.027184853,1.0,-0.024655392,-0.14563563,0.92696875
lucas,iPad Mini 6th,Middle,Arms Extended,1715166803.5921202,0.0,0.0,723.3732381439585,871.2864477470166,0.99894375,0.03096287,0.03395127,0.0,-0.02548966,0.98817253,-0.15121399,0.0,-0.038231734,0.15018891,0.9879179,0.0,0.054987494,0.043350145,-0.7498096,1.0,0.99995565,0.0018149095,-0.009235969,0.0,0.0,0.98123467,0.19281703,0.0,0.0094126,-0.19280848,0.98119116,0.0,-0.033518516,0.030363701,0.027222492,1.0,0.99789053,-0.012489829,0.06370579,0.0,0.0,0.9813182,0.1923922,0.0,-0.064918585,-0.19198637,0.97924817,0.0,0.033487722,0.030331587,0.027184853,1.0,-0.025049098,-0.14645025,0.92697865
lucas,iPad Mini 6th,Middle,Arms Extended,1715166803.607075,0.0,0.0,718.5134992707433,894.1036152811502,0.9989359,0.031060332,0.034093034,0.0,-0.025519777,0.98799384,-0.15237106,0.0,-0.038416408,0.1513389,0.9877351,0.0,0.054953646,0.043740846,-0.7500486,1.0,0.99995655,0.0018017135,-0.009145592,0.0,0.0,0.981142,0.19328839,0.0,0.009321374,-0.19328,0.9810994,0.0,-0.033518516,0.030363701,0.027222492,1.0,0.99788797,-0.012527931,0.06373844,0.0,0.0,0.9812258,0.19286206,0.0,-0.06495798,-0.19245476,0.97915345,0.0,0.033487722,0.030331587,0.027184853,1.0,-0.025125371,-0.14702202,0.92760247
lucas,iPad Mini 6th,Middle,Arms Extended,1715166803.6236029,0.0,0.0,692.1332754840063,899.4146111814056,0.9988879,0.031215366,0.035333946,0.0,-0.025463263,0.98791134,-0.15291433,0.0,-0.039680075,0.15184455,0.9876076,0.0,0.054927886,0.044319727,-0.750605,1.0,0.99995875,0.0017644019,-0.008908796,0.0,0.0,0.98094654,0.19427809,0.0,0.009081837,-0.19427007,0.98090607,0.0,-0.033518516,0.030363701,0.027222492,1.0,0.9978753,-0.012630008,0.0639186,0.0,0.0,0.9810318,0.19384716,0.0,-0.06515446,-0.1934353,0.97894734,0.0,0.033487722,0.030331587,0.027184853,1.0,-0.025336478,-0.14806569,0.9281087
lucas,iPad Mini 6th,Middle,Arms Extended,1715166803.6402001,0.0,0.0,678.3258049624174,925.9734635179437,0.9988696,0.030846106,0.036165267,0.0,-0.024961598,0.9878862,-0.15315965,0.0,-0.04045155,0.15208375,0.9875395,0.0,0.054904647,0.044857502,-0.7511658,1.0,0.99995804,0.0017761012,-0.008988348,0.0,0.0,0.9810308,0.19385208,0.0,0.009162147,-0.19384395,0.98098963,0.0,-0.033518516,0.030363701,0.027222492,1.0,0.99788195,-0.012582118,0.0638212,0.0,0.0,0.98111534,0.19342335,0.0,-0.065049626,-0.19301368,0.97903734,0.0,0.033487722,0.030331587,0.027184853,1.0,-0.025261324,-0.14771955,0.9284138
lucas,iPad Mini 6th,Middle,Arms Extended,1715166803.6569629,0.0,0.0,665.6366275755439,934.6394822606891,0.99885607,0.030649561,0.03670695,0.0,-0.024678653,0.9878707,-0.15330568,0.0,-0.04096046,0.15222444,0.9874969,0.0,0.054863606,0.045134094,-0.7512813,1.0,0.99995875,0.0017607133,-0.008907906,0.0,0.0,0.98102015,0.19390586,0.0,0.009080248,-0.19389786,0.9809797,0.0,-0.033518516,0.030363701,0.027222492,1.0,0.9978803,-0.012590782,0.063846886,0.0,0.0,0.98110485,0.19347659,0.0,-0.065076515,-0.19306648,0.9790252,0.0,0.033487722,0.030331587,0.027184853,1.0,-0.025329096,-0.1479023,0.9290793
lucas,iPad Mini 6th,Top,Arms Extended,1715166809.5248508,0.0,0.0,733.9854761371462,3393.688580982329,0.9994173,0.03213099,0.011517948,0.0,-0.025323814,0.9242454,-0.38095835,0.0,-0.022885986,0.38044468,0.92452055,0.0,0.052849542,0.076456025,-0.7561937,1.0,0.99996275,-0.0029599948,0.008114061,0.0,0.0,0.93944246,0.3427069,0.0,-0.008637103,-0.34269413,0.93940747,0.0,-0.033272002,0.02984902,0.026570456,1.0,0.9966923,-0.027766688,0.07637695,0.0,0.0,0.93982005,0.3416697,0.0,-0.081267625,-0.34053957,0.93671143,0.0,0.033238605,0.029811393,0.026530312,1.0,-0.041152015,-0.30297256,0.93888086
lucas,iPad Mini 6th,Top,Arms Extended,1715166809.541286,0.0,0.0,737.4823595008512,3379.1504355415586,0.9994298,0.031627264,0.011818478,0.0,-0.024768159,0.9246675,-0.37996963,0.0,-0.022945568,0.37946033,0.9249235,0.0,0.05286986,0.07656287,-0.7564113,1.0,0.9999657,-0.0028348032,0.007772272,0.0,0.0,0.9394621,0.3426527,0.0,-0.008273108,-0.342641,0.93943,0.0,-0.033272002,0.02984902,0.026570456,1.0,0.9967197,-0.02764809,0.0760625,0.0,0.0,0.93983716,0.34162304,0.0,-0.080931574,-0.3405024,0.9367542,0.0,0.033238605,0.029811393,0.026530312,1.0,-0.040817358,-0.3027996,0.9385729
lucas,iPad Mini 6th,Top,Arms Extended,1715166809.558014,0.0,0.0,745.2047930106404,3337.0224029548526,0.99946016,0.03066726,0.011782152,0.0,-0.023908637,0.9249408,-0.37935847,0.0,-0.022531692,0.37887198,0.92517483,0.0,0.052922904,0.07650306,-0.7565256,1.0,0.9999671,-0.0027893991,0.0076131173,0.0,0.0,0.9389591,0.3440288,0.0,-0.008108039,-0.34401748,0.93892825,0.0,-0.033272002,0.02984902,0.026570456,1.0,0.99672925,-0.027718829,0.075910755,0.0,0.0,0.9393359,0.3429987,0.0,-0.080813214,-0.34187686,0.93626356,0.0,0.033238605,0.029811393,0.026530312,1.0,-0.04066218,-0.30410537,0.9380035
lucas,iPad Mini 6th,Top,Arms Extended,1715166809.574213,0.0,0.0,754.1035165584932,3314.29985691431,0.99948895,0.029710308,0.0118019525,0.0,-0.023027703,0.92517114,-0.37885115,0.0,-0.022174602,0.37838572,0.9253824,0.0,0.052966326,0.07646158,-0.75670546,1.0,0.99996954,-0.002688471,0.0073223663,0.0,0.0,0.93872684,0.34466177,0.0,-0.007800316,-0.3446513,0.9386983,0.0,-0.033272002,0.02984902,0.026570456,1.0,0.99675107,-0.027677728,0.07563879,0.0,0.0,0.93910277,0.34363624,0.0,-0.080543675,-0.34251982,0.9360517,0.0,0.033238605,0.029811393,0.026530312,1.0,-0.040378224,-0.30463883,0.93755966
lucas,iPad Mini 6th,Top,Arms Extended,1715166809.591289,0.0,0.0,758.9581394641418,3312.6053719558113,0.9995052,0.029146587,0.011809163,0.0,-0.022511955,0.9253351,-0.37848097,0.0,-0.021958873,0.3780279,0.9255337,0.0,0.052981053,0.076512225,-0.75693226,1.0,0.9999708,-0.0026323902,0.0071717286,0.0,0.0,0.9387596,0.34457266,0.0,-0.007639579,-0.34456262,0.93873227,0.0,-0.033272002,0.02984902,0.026570456,1.0,0.9967628,-0.027621025,0.07550521,0.0,0.0,0.93913424,0.34355044,0.0,-0.080398746,-0.3424383,0.9360941,0.0,0.033238605,0.029811393,0.026530312,1.0,-0.04023041,-0.3044743,0.93738
lucas,iPad Mini 6th,Top,Arms Extended,1715166809.6080952,0.0,0.0,773.5041740137762,3322.1654418904013,0.9995011,0.029427705,0.011472827,0.0,-0.022905057,0.9254242,-0.37823993,0.0,-0.02174797,0.37778845,0.9256365,0.0,0.05295217,0.076776445,-0.7569533,1.0,0.9999742,-0.0024732193,0.0067459787,0.0,0.0,0.9388901,0.3442171,0.0,-0.007185057,-0.3442082,0.93886584,0.0,-0.033272002,0.02984902,0.026570456,1.0,0.99679697,-0.027447147,0.07511551,0.0,0.0,0.9392604,0.343205,0.0,-0.079973035,-0.34210575,0.93625206,0.0,0.033238605,0.029811393,0.026530312,1.0,-0.039814178,-0.30396897,0.9370722
lucas,iPad Mini 6th,Top,Arms Extended,1715166809.624501,0.0,0.0,767.1089276788741,3358.4126936657226,0.9994673,0.030532816,0.011530469,0.0,-0.023878662,0.92492557,-0.37939775,0.0,-0.022248913,0.3789203,0.92516196,0.0,0.05288753,0.077064425,-0.7566968,1.0,0.99997354,-0.0024985871,0.0068225204,0.0,0.0,0.9390098,0.34389016,0.0,-0.0072656535,-0.3438811,0.93898505,0.0,-0.033160552,0.029891865,0.026577326,1.0,0.9968112,-0.027360862,0.07495862,0.0,0.0,0.9393774,0.34288484,0.0,-0.07979607,-0.34179145,0.93638194,0.0,0.033129413,0.02985722,0.026533946,1.0,-0.039777633,-0.30364308,0.9372877
lucas,iPad Mini 6th,Top,Arms Extended,1715166809.641289,0.0,0.0,758.4496505382492,3385.037527640035,0.99945235,0.030995453,0.0115979845,0.0,-0.024261642,0.9245848,-0.38020268,0.0,-0.022507858,0.37971306,0.92483044,0.0,0.052799825,0.07726426,-0.75640714,1.0,0.9999725,-0.0025480166,0.0069658677,0.0,0.0,0.9391434,0.34352547,0.0,-0.0074172565,-0.34351602,0.9391176,0.0,-0.033160552,0.029891865,0.026577326,1.0,0.9967997,-0.027380805,0.07510438,0.0,0.0,0.93951136,0.3425177,0.0,-0.07993982,-0.34142157,0.9365047,0.0,0.033129413,0.02985722,0.026533946,1.0,-0.03991631,-0.3032719,0.9373684
lucas,iPad Mini 6th,Top,Arms Extended,1715166809.657668,0.0,0.0,756.3685992453982,3386.9682077366538,0.99943835,0.031358123,0.011819963,0.0,-0.024508521,0.92450666,-0.38037723,0.0,-0.02285555,0.37987387,0.92475593,0.0,0.05276056,0.077325605,-0.7565787,1.0,0.9999736,-0.002496944,0.006820524,0.0,0.0,0.9390504,0.34377947,0.0,-0.007263214,-0.3437704,0.93902564,0.0,-0.033160552,0.029891865,0.026577326,1.0,0.99681294,-0.027344616,0.074941345,0.0,0.0,0.9394176,0.34277493,0.0,-0.07977426,-0.3416825,0.9364236,0.0,0.033129413,0.02985722,0.026533946,1.0,-0.03977719,-0.303611,0.93753266
lucas,iPad Mini 6th,Top,Arms Extended,1715166809.6747088,0.0,0.0,755.2727781177506,3385.1063780446693,0.99946827,0.030476367,0.011607591,0.0,-0.023760634,0.92430556,-0.38091308,0.0,-0.022337802,0.3804347,0.9245381,0.0,0.052731436,0.07724948,-0.75696826,1.0,0.999971,-0.0026238158,0.0071483892,0.0,0.0,0.9387599,0.34457177,0.0,-0.0076147146,-0.3445618,0.93873274,0.0,-0.033160552,0.029891865,0.026577326,1.0,0.9967834,-0.027533673,0.0752647,0.0,0.0,0.9391317,0.3435574,0.0,-0.08014286,-0.3424523,0.93611085,0.0,0.033129413,0.02985722,0.026533946,1.0,-0.040095452,-0.304389,0.93727416
lucas,iPad Mini 6th,Down,Arms Extended,1715166814.424922,0.0,0.0,603.0957887726506,-902.9958906586714,0.99991405,-0.0040786914,-0.01247863,0.0,0.0067289746,0.97539043,0.22038248,0.0,0.011272683,-0.22044748,0.9753337,0.0,0.05193274,0.039552324,-0.68075675,1.0,0.99960536,0.0016296414,0.028044948,0.0,0.0,0.99831593,-0.05801034,0.0,-0.028092258,0.057987448,0.99792194,0.0,-0.033694793,0.03056007,0.026060155,1.0,0.9947895,0.005888304,0.10177976,0.0,0.0,0.99833065,-0.05775681,0.0,-0.101949945,0.05745587,0.9931289,0.0,0.033674557,0.030536277,0.026044622,1.0,-0.05914847,0.08321042,0.9317771
lucas,iPad Mini 6th,Down,Arms Extended,1715166814.44168,0.0,0.0,601.9386238469853,-906.5003762545548,0.99990493,-0.0045977933,-0.012996076,0.0,0.007343605,0.97549576,0.21989591,0.0,0.011666572,-0.21997048,0.97543687,0.0,0.051926408,0.039329246,-0.6806171,1.0,0.9995914,0.001642862,0.028536402,0.0,0.0,0.9983469,-0.057475578,0.0,-0.028583653,0.05745209,0.99793893,0.0,-0.033694793,0.03056007,0.026060155,1.0,0.9947375,0.0058627883,0.10228826,0.0,0.0,0.99836147,-0.057222422,0.0,-0.10245614,0.05692129,0.9931076,0.0,0.033674557,0.030536277,0.026044622,1.0,-0.059586335,0.08270859,0.93150634
lucas,iPad Mini 6th,Down,Arms Extended,1715166814.458352,0.0,0.0,603.485654188892,-896.4660035324848,0.9998965,-0.0049544526,-0.013489874,0.0,0.0077894265,0.9756879,0.21902573,0.0,0.012076733,-0.21910821,0.9756258,0.0,0.05194331,0.039197076,-0.6806315,1.0,0.9995816,0.001662018,0.028879503,0.0,0.0,0.9983481,-0.057455026,0.0,-0.028927287,0.057430986,0.9979304,0.0,-0.033694793,0.03056007,0.026060155,1.0,0.9947022,0.0058800564,0.10262895,0.0,0.0,0.99836266,-0.057200518,0.0,-0.102797255,0.056897484,0.99307364,0.0,0.033674557,0.030536277,0.026044622,1.0,-0.059896965,0.082688615,0.9314754
lucas,iPad Mini 6th,Down,Arms Extended,1715166814.475086,0.0,0.0,599.8747373425116,-883.6807702685905,0.9999026,-0.004826636,-0.013085635,0.0,0.0075731655,0.97574496,0.21877919,0.0,0.011712263,-0.21885704,0.9756866,0.0,0.05195618,0.039181482,-0.6807314,1.0,0.9995842,0.0016774357,0.028784383,0.0,0.0,0.9983062,-0.058177188,0.0,-0.028833218,0.058152996,0.9978911,0.0,-0.033694793,0.03056007,0.026060155,1.0,0.99471337,0.0059477645,0.102517515,0.0,0.0,0.99832124,-0.05791966,0.0,-0.1026899,0.057613462,0.99304354,0.0,0.033674557,0.030536277,0.026044622,1.0,-0.059816923,0.08335648,0.93165684
lucas,iPad Mini 6th,Down,Arms Extended,1715166814.491846,0.0,0.0,597.6208428463598,-875.0801115974666,0.9999098,-0.0044115046,-0.012687098,0.0,0.0070842956,0.97568226,0.21907552,0.0,0.011412141,-0.21914564,0.9756254,0.0,0.051944632,0.03920737,-0.68059325,1.0,0.99959046,0.0016879779,0.028566368,0.0,0.0,0.9982587,-0.0589868,0.0,-0.028616197,0.058962643,0.9978499,0.0,-0.033694793,0.03056007,0.026060155,1.0,0.99473727,0.0060170256,0.10228181,0.0,0.0,0.99827415,-0.058726385,0.0,-0.10245864,0.058417324,0.9930205,0.0,0.033674557,0.030536277,0.026044622,1.0,-0.0596263,0.08410613,0.93187195
lucas,iPad Mini 6th,Down,Arms Extended,1715166814.50828,0.0,0.0,600.8089990831736,-870.1863778369634,0.9999179,-0.004068696,-0.012148309,0.0,0.0066451635,0.9754155,0.2202735,0.0,0.010953404,-0.22033614,0.9753625,0.0,0.05196264,0.039310493,-0.6805625,1.0,0.9996104,0.0016863972,0.027859677,0.0,0.0,0.998173,-0.060421236,0.0,-0.02791067,0.060397696,0.99778414,0.0,-0.033694793,0.03056007,0.026060155,1.0,0.99481183,0.006119912,0.10154777,0.0,0.0,0.9981889,-0.060157187,0.0,-0.101732016,0.059845082,0.99301016,0.0,0.033674557,0.030536277,0.026044622,1.0,-0.058997273,0.08543533,0.93225914
lucas,iPad Mini 6th,Down,Arms Extended,1715166814.525073,0.0,0.0,602.2937771842236,-854.4020400723134,0.99992615,-0.0041086087,-0.011431217,0.0,0.006529032,0.97535276,0.22055484,0.0,0.010243283,-0.2206132,0.97530764,0.0,0.051982272,0.03934144,-0.68048984,1.0,0.9996333,0.0016719456,0.027029332,0.0,0.0,0.99809235,-0.06173871,0.0,-0.027080992,0.06171607,0.9977263,0.0,-0.033694793,0.03056007,0.026060155,1.0,0.9948992,0.006200952,0.10068307,0.0,0.0,0.9981088,-0.06147235,0.0,-0.10087384,0.06115879,0.9930177,0.0,0.033674557,0.030536277,0.026044622,1.0,-0.058258094,0.08666603,0.93275857
lucas,iPad Mini 6th,Down,Arms Extended,1715166814.541774,0.0,0.0,599.4852544285181,-852.5571361048017,0.99992406,-0.004779596,-0.011360656,0.0,0.00716838,0.9753392,0.2205951,0.0,0.010026143,-0.22065978,0.97529936,0.0,0.05200007,0.03935057,-0.6802165,1.0,0.99963284,0.0016726837,0.02704678,0.0,0.0,0.9980931,-0.06172617,0.0,-0.027098453,0.061703503,0.9977266,0.0,-0.033694793,0.03056007,0.026060155,1.0,0.9948994,0.0061996165,0.100681856,0.0,0.0,0.9981096,-0.0614599,0.0,-0.10087255,0.061146416,0.9930186,0.0,0.033674557,0.030536277,0.026044622,1.0,-0.058280163,0.08666882,0.93298805
lucas,iPad Mini 6th,Down,Arms Extended,1715166814.557774,0.0,0.0,595.4681201947956,-838.6117735228202,0.99992627,-0.005033607,-0.011056851,0.0,0.0073453034,0.9754243,0.22021207,0.0,0.009676678,-0.22027706,0.9753893,0.0,0.052005675,0.039397217,-0.67973006,1.0,0.9996362,0.0016715816,0.02692122,0.0,0.0,0.99807787,-0.061972253,0.0,-0.026973065,0.061949708,0.99771476,0.0,-0.033694793,0.03056007,0.026060155,1.0,0.9949129,0.006216098,0.10054627,0.0,0.0,0.9980944,-0.061705444,0.0,-0.100738235,0.061391547,0.9930171,0.0,0.033674557,0.030536277,0.026044622,1.0,-0.058169894,0.0869014,0.93312055
lucas,iPad Mini 6th,Down,Arms Extended,1715166814.574985,0.0,0.0,598.9092060430783,-812.7136938196468,0.99993,-0.0050067073,-0.010721716,0.0,0.0072351503,0.9756617,0.21916181,0.0,0.009363503,-0.21922404,0.9756296,0.0,0.0520697,0.039467562,-0.679696,1.0,0.99965,0.0016561802,0.026405137,0.0,0.0,0.99803877,-0.062598884,0.0,-0.026457025,0.06257697,0.9976895,0.0,-0.033694793,0.03056007,0.026060155,1.0,0.9949683,0.0062450226,0.09999529,0.0,0.0,0.9980554,-0.062331717,0.0,-0.10019012,0.062018085,0.9930335,0.0,0.033674557,0.030536277,0.026044622,1.0,-0.057714235,0.087503165,0.9336087
lucas,iPad Mini 6th,Left,Arms Extended,1715166818.725515,0.0,0.0,-195.26359647160442,1468.803871548082,0.93095255,0.026930628,0.36414573,0.0,-0.00042934017,0.9973566,-0.07266252,0.0,-0.36513993,0.06748902,0.92850316,0.0,0.029066097,0.07637118,-0.7162259,1.0,0.94462925,0.04295192,-0.32531634,0.0,0.0,0.9913962,0.13089526,0.0,0.3281396,-0.12364748,0.9365018,0.0,-0.033852708,0.03086083,0.026097724,1.0,0.96477467,0.035151295,-0.26071838,0.0,0.0,0.99103314,0.13361582,0.0,0.26307732,-0.12890917,0.9561237,0.0,0.03383761,0.03084315,0.026074912,1.0,0.28099003,-0.09582022,0.9324486
lucas,iPad Mini 6th,Left,Arms Extended,1715166818.741863,0.0,0.0,-207.55795981940324,1509.264481210333,0.93092066,0.024912402,0.36437058,0.0,0.0024155409,0.99722904,-0.07435298,0.0,-0.36521325,0.07009689,0.928281,0.0,0.029026449,0.076579474,-0.7166135,1.0,0.9447221,0.042799868,-0.3250664,0.0,0.0,0.9914432,0.13053837,0.0,0.3278719,-0.1233225,0.9366384,0.0,-0.033852708,0.03086083,0.026097724,1.0,0.9648576,0.035014573,-0.2604301,0.0,0.0,0.99108243,0.13325007,0.0,0.26277336,-0.12856734,0.9562534,0.0,0.03383761,0.03084315,0.026074912,1.0,0.28061426,-0.0954211,0.93219525
lucas,iPad Mini 6th,Left,Arms Extended,1715166818.758452,0.0,0.0,-210.13200869710428,1539.14517431935,0.93076605,0.022575641,0.36491767,0.0,0.005474934,0.99711937,-0.07565127,0.0,-0.36557424,0.07241155,0.9279612,0.0,0.029019494,0.0768226,-0.7169412,1.0,0.9445276,0.042881023,-0.32562038,0.0,0.0,0.99144,0.13056296,0.0,0.32843173,-0.12332033,0.93644255,0.0,-0.033852708,0.03086083,0.026097724,1.0,0.96469814,0.03510049,-0.2610085,0.0,0.0,0.9910784,0.13328047,0.0,0.2633581,-0.12857543,0.95609146,0.0,0.03383761,0.03084315,0.026074912,1.0,0.2811607,-0.09544906,0.93203586
lucas,iPad Mini 6th,Left,Arms Extended,1715166818.775352,0.0,0.0,-212.14868008034438,1548.2004369121837,0.9306152,0.021262165,0.36538103,0.0,0.007026652,0.9970892,-0.07591908,0.0,-0.3659317,0.07321885,0.92775697,0.0,0.029028278,0.076901175,-0.7169413,1.0,0.9443887,0.04290631,-0.32602003,0.0,0.0,0.99145085,0.13048124,0.0,0.32883126,-0.12322502,0.936315,0.0,-0.033842724,0.0308694,0.0261122,1.0,0.96457803,0.035135046,-0.26144755,0.0,0.0,0.99109066,0.13318929,0.0,0.26379782,-0.12847146,0.9559843,0.0,0.033822116,0.030842025,0.026084352,1.0,0.2815544,-0.0953603,0.9319187
lucas,iPad Mini 6th,Left,Arms Extended,1715166818.792035,0.0,0.0,-200.70806175001027,1504.022096650807,0.93058515,0.021763107,0.36542773,0.0,0.006177241,0.99715567,-0.075116485,0.0,-0.36602312,0.07215964,0.92780393,0.0,0.029098565,0.07683992,-0.7170178,1.0,0.9442105,0.043610536,-0.32644224,0.0,0.0,0.9911941,0.13241701,0.0,0.3293424,-0.12502953,0.9358959,0.0,-0.033842724,0.0308694,0.0261122,1.0,0.9644237,0.03573315,-0.26193482,0.0,0.0,0.9908227,0.13516803,0.0,0.2643609,-0.13035926,0.95557296,0.0,0.033822116,0.030842025,0.026084352,1.0,0.28219143,-0.09732569,0.9321686
lucas,iPad Mini 6th,Left,Arms Extended,1715166818.808461,0.0,0.0,-176.20413102150903,1390.9626559497804,0.9302918,0.023630917,0.36605835,0.0,0.003948486,0.99721986,-0.07441018,0.0,-0.3667991,0.07066854,0.9276122,0.0,0.02913805,0.07626337,-0.71633095,1.0,0.9436234,0.045711342,-0.3278494,0.0,0.0,0.9904193,0.13809206,0.0,0.33102077,-0.13030691,0.93458295,0.0,-0.033842724,0.0308694,0.0261122,1.0,0.9639208,0.03752509,-0.2635309,0.0,0.0,0.99001366,0.14097153,0.0,0.26618916,-0.13588539,0.95429474,0.0,0.033822116,0.030842025,0.026084352,1.0,0.28418735,-0.10308673,0.93270373
lucas,iPad Mini 6th,Left,Arms Extended,1715166818.825146,0.0,0.0,-156.68806546609702,1320.7277844290097,0.9302011,0.025691066,0.3661498,0.0,0.001812575,0.9972138,-0.074574776,0.0,-0.3670455,0.070033215,0.9275629,0.0,0.029196987,0.07577878,-0.7159677,1.0,0.9433096,0.047148634,-0.3285483,0.0,0.0,0.98985934,0.1420507,0.0,0.33191413,-0.13399778,0.93374383,0.0,-0.033842724,0.0308694,0.0261122,1.0,0.96365124,0.03874341,-0.2643393,0.0,0.0,0.9894291,0.14501762,0.0,0.26716346,-0.1397464,0.9534645,0.0,0.033822116,0.030842025,0.026084352,1.0,0.2852567,-0.10709601,0.933002
lucas,iPad Mini 6th,Left,Arms Extended,1715166818.841788,0.0,0.0,-155.30915681536743,1325.3748998651354,0.9303235,0.027064387,0.36573973,0.0,0.00021858331,0.9972322,-0.074350186,0.0,-0.3667397,0.069249675,0.9277425,0.0,0.029239373,0.07568654,-0.7160899,1.0,0.9434607,0.046830352,-0.32815978,0.0,0.0,0.98997045,0.14127468,0.0,0.3314844,-0.1332871,0.9339982,0.0,-0.033842724,0.0308694,0.0261122,1.0,0.9637817,0.038463,-0.26390412,0.0,0.0,0.9895453,0.14422238,0.0,0.26669228,-0.1389989,0.9537057,0.0,0.033822116,0.030842025,0.026084352,1.0,0.28473014,-0.10627805,0.9328243
lucas,iPad Mini 6th,Left,Arms Extended,1715166818.858608,0.0,0.0,-184.6405527899115,1392.4481990553263,0.9303304,0.025938133,0.36580405,0.0,0.0014900096,0.99722,-0.0744995,0.0,-0.36671948,0.069854245,0.92770535,0.0,0.029243428,0.07600338,-0.71622527,1.0,0.94396293,0.045385715,-0.3269162,0.0,0.0,0.9905003,0.13751097,0.0,0.3300516,-0.12980527,0.9349956,0.0,-0.033842724,0.0308694,0.0261122,1.0,0.96421117,0.037217196,-0.26251018,0.0,0.0,0.990099,0.14037059,0.0,0.26513526,-0.1353469,0.9546646,0.0,0.033822116,0.030842025,0.026084352,1.0,0.28304285,-0.102422416,0.9324196
lucas,iPad Mini 6th,Left,Arms Extended,1715166818.8752918,0.0,0.0,-254.3369567711053,1478.9138840896878,0.9304666,0.023730155,0.36560768,0.0,0.004192339,0.9971453,-0.07539021,0.0,-0.366353,0.07168084,0.92771083,0.0,0.029306801,0.076760486,-0.71661437,1.0,0.94538,0.0436538,-0.3230342,0.0,0.0,0.9909922,0.13391949,0.0,0.32597047,-0.12660481,0.9368642,0.0,-0.033842724,0.0308694,0.0261122,1.0,0.9654105,0.03563514,-0.25828815,0.0,0.0,0.9906164,0.13667199,0.0,0.26073477,-0.13194457,0.9563514,0.0,0.033822116,0.030842025,0.026084352,1.0,0.27840903,-0.09858002,0.93170494
lucas,iPad Mini 6th,Right,Arms Extended,1715166823.058634,0.0,0.0,-113.66503738512205,269.07954638586267,0.96515894,0.03566947,-0.25922227,0.0,-0.049979094,0.99755657,-0.04882081,0.0,0.2568475,0.060075566,0.964583,0.0,0.08079642,0.08056706,-0.7095141,1.0,0.93061393,-0.068768896,0.3594837,0.0,0.0,0.98218966,0.18789198,0.0,-0.36600232,-0.1748549,0.91403943,0.0,-0.033810735,0.030829258,0.02633315,1.0,0.90655315,-0.07731778,0.41494986,0.0,0.0,0.9830798,0.18317766,0.0,-0.42209175,-0.16606028,0.8912141,0.0,0.033803407,0.030810846,0.026308773,1.0,-0.4015023,-0.16135277,0.9612423
lucas,iPad Mini 6th,Right,Arms Extended,1715166823.075673,0.0,0.0,-100.3291921352777,248.27156753474333,0.96537143,0.036024738,-0.2583806,0.0,-0.04963852,0.99769086,-0.046358176,0.0,0.2561139,0.05757848,0.9649302,0.0,0.0808187,0.08062499,-0.7094918,1.0,0.93121433,-0.06805639,0.35806176,0.0,0.0,0.9824121,0.18672594,0.0,-0.36447206,-0.17388187,0.9148362,0.0,-0.033810735,0.030829258,0.02633315,1.0,0.9071915,-0.07659132,0.41368753,0.0,0.0,0.9832895,0.18204908,0.0,-0.42071795,-0.16515338,0.89203185,0.0,0.033803407,0.030810846,0.026308773,1.0,-0.3994521,-0.1598494,0.960535
lucas,iPad Mini 6th,Right,Arms Extended,1715166823.092383,0.0,0.0,-95.41862827586377,230.37959457100845,0.9656712,0.03581997,-0.25728592,0.0,-0.04872847,0.99784374,-0.04397034,0.0,0.25515613,0.05499802,0.9653345,0.0,0.08090484,0.08075631,-0.7096257,1.0,0.93171537,-0.06739232,0.35688192,0.0,0.0,0.9826335,0.18555702,0.0,-0.36318922,-0.17288634,0.91553473,0.0,-0.033810735,0.030829258,0.02633315,1.0,0.90772647,-0.075905666,0.41263884,0.0,0.0,0.98349845,0.18091632,0.0,-0.41956225,-0.16422255,0.89274764,0.0,0.033803407,0.030810846,0.026308773,1.0,-0.39776358,-0.15840426,0.96000755
lucas,iPad Mini 6th,Right,Arms Extended,1715166823.1091151,0.0,0.0,-92.28885144464614,227.47563750443496,0.965996,0.035902046,-0.25605223,0.0,-0.048324987,0.99793184,-0.042389642,0.0,0.2540007,0.053321913,0.96573335,0.0,0.08096389,0.08085475,-0.7096428,1.0,0.93221784,-0.066650435,0.35570717,0.0,0.0,0.9828945,0.18416932,0.0,-0.3618976,-0.17168593,0.9162718,0.0,-0.033810735,0.030829258,0.02633315,1.0,0.9082657,-0.075131096,0.4115928,0.0,0.0,0.98374504,0.17957029,0.0,-0.41839376,-0.16309753,0.8935019,0.0,0.033803407,0.030810846,0.026308773,1.0,-0.39610052,-0.15674825,0.9595612
lucas,iPad Mini 6th,Right,Arms Extended,1715166823.12539,0.0,0.0,-89.17322719660332,225.20964637469118,0.9662132,0.036280483,-0.2551778,0.0,-0.048331007,0.99798495,-0.04111125,0.0,0.2531721,0.05205524,0.96601975,0.0,0.080947265,0.080892,-0.7094244,1.0,0.93259615,-0.06605472,0.35482568,0.0,0.0,0.9831098,0.18301673,0.0,-0.36092174,-0.1706807,0.91684437,0.0,-0.033810735,0.030829258,0.02633315,1.0,0.9086725,-0.07450534,0.41080815,0.0,0.0,0.98394865,0.17845173,0.0,-0.41750973,-0.16215417,0.894087,0.0,0.033803407,0.030810846,0.026308773,1.0,-0.39485365,-0.15539429,0.95924234
lucas,iPad Mini 6th,Right,Arms Extended,1715166823.142587,0.0,0.0,-102.78715158072045,203.06616092479132,0.9661736,0.03661434,-0.25528032,0.0,-0.048687745,0.9979667,-0.041134812,0.0,0.25325513,0.052172404,0.96599174,0.0,0.08086334,0.08074796,-0.7092084,1.0,0.93226856,-0.066675864,0.35556927,0.0,0.0,0.9828688,0.1843062,0.0,-0.36176673,-0.1718229,0.9162978,0.0,-0.033810735,0.030829258,0.02633315,1.0,0.90832335,-0.07516525,0.4114596,0.0,0.0,0.9837204,0.1797056,0.0,-0.41826883,-0.16323079,0.8935362,0.0,0.033803407,0.030810846,0.026308773,1.0,-0.39597622,-0.15689605,0.9596293
lucas,iPad Mini 6th,Right,Arms Extended,1715166823.1588368,0.0,0.0,-102.56639997086188,199.85366798245062,0.9662101,0.036690794,-0.25513092,0.0,-0.04887013,0.99794,-0.041561417,0.0,0.25308043,0.052625325,0.9660129,0.0,0.080806,0.080492504,-0.709028,1.0,0.93234634,-0.06675119,0.35535148,0.0,0.0,0.9828106,0.1846166,0.0,-0.36156657,-0.1721266,0.9163199,0.0,-0.033810735,0.030829258,0.02633315,1.0,0.9084118,-0.075258486,0.41124713,0.0,0.0,0.9836646,0.18001123,0.0,-0.4180766,-0.16352433,0.8935725,0.0,0.033803407,0.030810846,0.026308773,1.0,-0.3957928,-0.15723217,0.95975083
lucas,iPad Mini 6th,Right,Arms Extended,1715166823.175786,0.0,0.0,-104.5001161790739,196.48855664317065,0.96597946,0.03701969,-0.25595585,0.0,-0.04935552,0.99790037,-0.04193869,0.0,0.25386593,0.053144757,0.9657783,0.0,0.08070009,0.080173634,-0.7088047,1.0,0.9320181,-0.06698854,0.35616666,0.0,0.0,0.98276836,0.18484105,0.0,-0.3624116,-0.17227522,0.9159579,0.0,-0.033810735,0.030829258,0.02633315,1.0,0.9080572,-0.07548604,0.41198775,0.0,0.0,0.98362565,0.18022382,0.0,-0.41884607,-0.16365354,0.89318836,0.0,0.033803407,0.030810846,0.026308773,1.0,-0.39684674,-0.15757683,0.95995724
lucas,iPad Mini 6th,Right,Arms Extended,1715166823.19237,0.0,0.0,-96.73864353360153,194.4830017315121,0.9656944,0.036925856,-0.25704244,0.0,-0.04936895,0.997892,-0.04212262,0.0,0.25494522,0.053367507,0.9654817,0.0,0.08065494,0.07997361,-0.7088792,1.0,0.93181694,-0.06712021,0.3566678,0.0,0.0,0.98274964,0.18494064,0.0,-0.3629284,-0.17233084,0.9157429,0.0,-0.033810735,0.030829258,0.02633315,1.0,0.90783614,-0.07561112,0.41245165,0.0,0.0,0.98360866,0.18031628,0.0,-0.41932493,-0.16369765,0.89295554,0.0,0.033803407,0.030810846,0.026308773,1.0,-0.39743716,-0.1577196,0.9599422
lucas,iPad Mini 6th,Right,Arms Extended,1715166823.209072,0.0,0.0,-96.8911184921978,190.39347894736161,0.96568584,0.0369537,-0.2570699,0.0,-0.049362104,0.9978983,-0.041981798,0.0,0.25497824,0.053230748,0.9654804,0.0,0.08064193,0.07984145,-0.70888394,1.0,0.93180877,-0.067098364,0.35669354,0.0,0.0,0.9827631,0.18486962,0.0,-0.36294967,-0.17226313,0.9157473,0.0,-0.033810735,0.030829258,0.02633315,1.0,0.9078223,-0.07558696,0.41248658,0.0,0.0,0.98362154,0.18024577,0.0,-0.41935495,-0.16363114,0.89295363,0.0,0.033803407,0.030810846,0.026308773,1.0,-0.397392,-0.1576102,0.9597634
lucas,iPad Mini 6th,Middle,Arms Extended,1715166827.758966,566.5,0.0,815.9688085786939,708.8812048529077,0.99794567,0.023823898,0.05946921,0.0,-0.019825827,0.99756026,-0.06693659,0.0,-0.060918815,0.06562004,0.9959835,0.0,0.06673947,0.06076605,-0.71636635,1.0,0.99956083,0.0042352295,-0.02933146,0.0,0.0,0.9897357,0.14290996,0.0,0.02963565,-0.1428472,0.989301,0.0,-0.03374327,0.030780856,0.026311226,1.0,0.99897134,-0.006474963,0.04487847,0.0,0.0,0.9897516,0.14279908,0.0,-0.04534316,-0.14265221,0.9887336,0.0,0.03373103,0.030758291,0.026285416,1.0,-0.007083783,-0.099110626,0.92549115
lucas,iPad Mini 6th,Middle,Arms Extended,1715166827.775731,566.5,0.0,810.5620436781035,707.2419914692406,0.99793017,0.024190852,0.05958514,0.0,-0.020203702,0.99757314,-0.06663178,0.0,-0.061052393,0.06529005,0.9959968,0.0,0.06675715,0.060951546,-0.7163866,1.0,0.99956936,0.00419454,-0.02904423,0.0,0.0,0.9897319,0.14293614,0.0,0.029345552,-0.14287458,0.9893057,0.0,-0.03374327,0.030780856,0.026311226,1.0,0.99895704,-0.006520946,0.045189768,0.0,0.0,0.98974824,0.14282203,0.0,-0.045657836,-0.14267309,0.98871607,0.0,0.03373103,0.030758291,0.026285416,1.0,-0.0073538306,-0.09909019,0.9251894
lucas,iPad Mini 6th,Middle,Arms Extended,1715166827.792378,566.5,0.0,811.9467018157479,703.9569904445194,0.9979382,0.024500094,0.05932108,0.0,-0.020553332,0.9975912,-0.06625178,0.0,-0.060801364,0.06489591,0.99603796,0.0,0.06675397,0.061080035,-0.7164645,1.0,0.99957585,0.004162247,-0.028824318,0.0,0.0,0.98973453,0.14291818,0.0,0.029123282,-0.14285757,0.98931473,0.0,-0.03374327,0.030780856,0.026311226,1.0,0.99894613,-0.0065541756,0.04542668,0.0,0.0,0.9897513,0.14280161,0.0,-0.045897067,-0.14265113,0.98870826,0.0,0.03373103,0.030758291,0.026285416,1.0,-0.007559961,-0.09904255,0.9249807
lucas,iPad Mini 6th,Middle,Arms Extended,1715166827.808889,566.5,0.0,812.1577474310642,710.8653157322894,0.99797577,0.023812523,0.058969315,0.0,-0.019862382,0.99757606,-0.06668949,0.0,-0.06041442,0.06538323,0.9960297,0.0,0.06672562,0.06103978,-0.71627307,1.0,0.99958163,0.004133347,-0.028624166,0.0,0.0,0.9897345,0.14291824,0.0,0.028921055,-0.14285846,0.98932046,0.0,-0.03374327,0.030780856,0.026311226,1.0,0.9989363,-0.0065846187,0.045638364,0.0,0.0,0.9897516,0.14279953,0.0,-0.046110928,-0.14264762,0.9886988,0.0,0.03373103,0.030758291,0.026285416,1.0,-0.007746105,-0.099020995,0.9248362
lucas,iPad Mini 6th,Middle,Arms Extended,1715166827.825615,566.5,0.0,813.0923916739741,715.8791791050453,0.99801695,0.023109803,0.058546837,0.0,-0.019170763,0.9975709,-0.06697047,0.0,-0.059952307,0.0657153,0.99603575,0.0,0.06669726,0.060935013,-0.7160898,1.0,0.9995883,0.0040968605,-0.02839765,0.0,0.0,0.98975307,0.14278929,0.0,0.028691651,-0.14273049,0.98934555,0.0,-0.03374327,0.030780856,0.026311226,1.0,0.9989254,-0.006612294,0.04587326,0.0,0.0,0.9897706,0.14266817,0.0,-0.046347365,-0.14251485,0.9887069,0.0,0.03373103,0.030758291,0.026285416,1.0,-0.007955065,-0.09888758,0.9247464
lucas,iPad Mini 6th,Middle,Arms Extended,1715166827.842452,566.5,0.0,812.7937530438732,727.6085149134237,0.99803257,0.02285669,0.058383394,0.0,-0.018898329,0.99754214,-0.067474045,0.0,-0.059782114,0.066237964,0.9960113,0.0,0.066713765,0.06086142,-0.7160124,1.0,0.99959254,0.004067191,-0.028255098,0.0,0.0,0.9897982,0.14247689,0.0,0.028546322,-0.14241883,0.98939484,0.0,-0.03374327,0.030780856,0.026311226,1.0,0.9989185,-0.0066187778,0.046021543,0.0,0.0,0.9898157,0.14235441,0.0,-0.04649506,-0.14220047,0.9887453,0.0,0.03373103,0.030758291,0.026285416,1.0,-0.008086708,-0.09859286,0.92471445
lucas,iPad Mini 6th,Middle,Arms Extended,1715166827.8590689,566.5,0.0,802.9447026609436,732.4315574772246,0.9979909,0.022734815,0.059136927,0.0,-0.018708345,0.9975254,-0.06777155,0.0,-0.060531378,0.066529,0.9959468,0.0,0.06676552,0.060881022,-0.7160401,1.0,0.9995904,0.004078066,-0.028327828,0.0,0.0,0.9897961,0.14249076,0.0,0.028619863,-0.14243239,0.9893907,0.0,-0.03374327,0.030780856,0.026311226,1.0,0.99892175,-0.0066096415,0.045953207,0.0,0.0,0.9898137,0.14236903,0.0,-0.046426117,-0.14221552,0.9887464,0.0,0.03373103,0.030758291,0.026285416,1.0,-0.008022084,-0.09859833,0.9246611
lucas,iPad Mini 6th,Middle,Arms Extended,1715166827.875601,566.5,0.0,802.7876854881528,729.3760578012842,0.9979607,0.02299706,0.059543353,0.0,-0.018949868,0.997528,-0.06766481,0.0,-0.06095226,0.066398494,0.99592966,0.0,0.066845186,0.06105865,-0.71617764,1.0,0.9995837,0.0041193855,-0.02855219,0.0,0.0,0.9897518,0.14279708,0.0,0.028847823,-0.14273766,0.98933995,0.0,-0.03374327,0.030780856,0.026311226,1.0,0.9989309,-0.006595694,0.04575508,0.0,0.0,0.98976916,0.14267737,0.0,-0.04622803,-0.14252484,0.98871106,0.0,0.03373103,0.030758291,0.026285416,1.0,-0.007827224,-0.0988322,0.92430824
lucas,iPad Mini 6th,Middle,Arms Extended,1715166827.892383,566.5,0.0,792.4692092214044,727.5615388560952,0.99791753,0.023405697,0.060108304,0.0,-0.019329567,0.99753064,-0.06752123,0.0,-0.06154024,0.066218756,0.99590546,0.0,0.066905715,0.061249178,-0.71626467,1.0,0.99959016,0.0040927446,-0.028328797,0.0,0.0,0.9897243,0.14298837,0.0,0.028622914,-0.14292979,0.9893188,0.0,-0.03374327,0.030780856,0.026311226,1.0,0.99891967,-0.0066389027,0.045992747,0.0,0.0,0.98974204,0.14286603,0.0,-0.046469424,-0.1427117,0.98867285,0.0,0.03373103,0.030758291,0.026285416,1.0,-0.008035257,-0.09897921,0.9241051
lucas,iPad Mini 6th,Middle,Arms Extended,1715166827.90923,566.5,0.0,788.1586001379284,724.4498830688751,0.99789697,0.023636164,0.06035728,0.0,-0.019581104,0.9975667,-0.06691362,0.0,-0.06179199,0.06559105,0.99593157,0.0,0.06692748,0.0614283,-0.71635514,1.0,0.9995932,0.004072766,-0.028229639,0.0,0.0,0.98975235,0.14279424,0.0,0.028521921,-0.14273615,0.9893497,0.0,-0.033739556,0.030776246,0.026304096,1.0,0.9989156,-0.0066424087,0.046081115,0.0,0.0,0.9897701,0.1426714,0.0,-0.046557393,-0.1425167,0.9886968,0.0,0.033726897,0.030753883,0.026279084,1.0,-0.008120907,-0.0988108,0.9241478
lucas,iPad Mini 6th,Top,Arms Extended,1715166832.359781,566.5,0.0,963.0589961536288,3742.969743709865,0.99677515,0.06293526,0.0497858,0.0,-0.03802559,0.91677403,-0.3975923,0.0,-0.0706649,0.39441696,0.91621053,0.0,0.065488406,0.080345385,-0.7510231,1.0,0.9996009,0.009738762,-0.02651402,0.0,0.0,0.9386821,0.34478366,0.0,0.028246002,-0.3446461,0.9383076,0.0,-0.033748154,0.030776609,0.026318608,1.0,0.998947,-0.015808059,0.043070138,0.0,0.0,0.9387659,0.3445558,0.0,-0.04587953,-0.34419298,0.9377774,0.0,0.03373591,0.030754043,0.026292795,1.0,-0.008043793,-0.30347842,0.93597317
lucas,iPad Mini 6th,Top,Arms Extended,1715166832.3763762,566.5,0.0,958.3244789538422,3759.474333207438,0.9967851,0.06262952,0.049971733,0.0,-0.03764738,0.9166579,-0.39789534,0.0,-0.07072698,0.39473483,0.9160688,0.0,0.06551478,0.0803894,-0.7508944,1.0,0.9996023,0.009708633,-0.026475383,0.0,0.0,0.93886495,0.34428567,0.0,0.028199352,-0.34414876,0.9384916,0.0,-0.033748154,0.030776609,0.026318608,1.0,0.9989456,-0.015795294,0.043106128,0.0,0.0,0.93894875,0.34405717,0.0,-0.045908924,-0.3436944,0.9379587,0.0,0.03373591,0.030754043,0.026292795,1.0,-0.008080323,-0.30300766,0.93618435
lucas,iPad Mini 6th,Top,Arms Extended,1715166832.392746,566.5,0.0,952.4868252709156,3761.537932835226,0.9968181,0.06215774,0.049901314,0.0,-0.037194036,0.9164091,-0.39851114,0.0,-0.07050057,0.39538702,0.9158051,0.0,0.06556621,0.080311015,-0.7507006,1.0,0.99961406,0.009572657,-0.026077723,0.0,0.0,0.93875027,0.34459808,0.0,0.02777919,-0.3444651,0.93838805,0.0,-0.033748154,0.030776609,0.026318608,1.0,0.99892676,-0.015950492,0.043486223,0.0,0.0,0.9388377,0.34436017,0.0,-0.046319213,-0.34399056,0.93783003,0.0,0.03373591,0.030754043,0.026292795,1.0,-0.00845998,-0.30338818,0.9362953
lucas,iPad Mini 6th,Top,Arms Extended,1715166832.409297,566.5,0.0,939.6655411701504,3758.7120062272384,0.9968409,0.062191352,0.049400464,0.0,-0.037345022,0.915955,-0.39953944,0.0,-0.07009649,0.3964323,0.915384,0.0,0.0656003,0.079990104,-0.7502837,1.0,0.99964404,0.009206686,-0.025040539,0.0,0.0,0.9385713,0.34508565,0.0,0.026679423,-0.3449628,0.9382372,0.0,-0.033748154,0.030776609,0.026318608,1.0,0.9988758,-0.016345996,0.044496637,0.0,0.0,0.9386678,0.3448229,0.0,-0.047404032,-0.34443527,0.93761253,0.0,0.03373591,0.030754043,0.026292795,1.0,-0.009457744,-0.3039715,0.9364494
lucas,iPad Mini 6th,Top,Arms Extended,1715166832.4266381,566.5,0.0,945.5686027374793,3749.9538522555135,0.99688846,0.06180994,0.048920143,0.0,-0.03715904,0.9158094,-0.39989054,0.0,-0.06951873,0.39682844,0.91525644,0.0,0.06562072,0.0797255,-0.7501087,1.0,0.999649,0.009150819,-0.024859566,0.0,0.0,0.9384406,0.34544048,0.0,0.02649029,-0.34531924,0.93811125,0.0,-0.033748154,0.030776609,0.026318608,1.0,0.998866,-0.01643378,0.044684097,0.0,0.0,0.9385391,0.345173,0.0,-0.047610268,-0.34478155,0.9374747,0.0,0.03373591,0.030754043,0.026292795,1.0,-0.009635786,-0.304281,0.9362333
lucas,iPad Mini 6th,Top,Arms Extended,1715166832.443026,566.5,0.0,949.3220016712279,3745.7409724963936,0.99692076,0.061770488,0.04830475,0.0,-0.037302285,0.91542286,-0.4007615,0.0,-0.06897452,0.39772564,0.9149082,0.0,0.0656547,0.0794126,-0.7497001,1.0,0.9996585,0.009038651,-0.02451902,0.0,0.0,0.938277,0.3458849,0.0,0.026131963,-0.34576678,0.93795663,0.0,-0.033748154,0.030776609,0.026318608,1.0,0.99884784,-0.016585132,0.04503107,0.0,0.0,0.93837863,0.34560877,0.0,-0.047988165,-0.34521058,0.9372975,0.0,0.03373591,0.030754043,0.026292795,1.0,-0.009968751,-0.30467469,0.93598175
