username, deviceName, position, distance, timestamp,targetPointX, targetPointY, gazePointX, gazePointY,faceTransform_0_x, faceTransform_0_y, faceTransform_0_z, faceTransform_0_w,faceTransform_1_x, faceTransform_1_y, faceTransform_1_z, faceTransform_1_w,faceTransform_2_x, faceTransform_2_y, faceTransform_2_z, faceTransform_2_w,faceTransform_3_x, faceTransform_3_y, faceTransform_3_z, faceTransform_3_w,rightEyeTransform_0_x, rightEyeTransform_0_y, rightEyeTransform_0_z, rightEyeTransform_0_w,rightEyeTransform_1_x, rightEyeTransform_1_y, rightEyeTransform_1_z, rightEyeTransform_1_w,rightEyeTransform_2_x, rightEyeTransform_2_y, rightEyeTransform_2_z, rightEyeTransform_2_w,rightEyeTransform_3_x, rightEyeTransform_3_y, rightEyeTransform_3_z, rightEyeTransform_3_w,leftEyeTransform_0_x, leftEyeTransform_0_y, leftEyeTransform_0_z, leftEyeTransform_0_w,leftEyeTransform_1_x, leftEyeTransform_1_y, leftEyeTransform_1_z, leftEyeTransform_1_w,leftEyeTransform_2_x, leftEyeTransform_2_y, leftEyeTransform_2_z, leftEyeTransform_2_w,leftEyeTransform_3_x, leftEyeTransform_3_y, leftEyeTransform_3_z, leftEyeTransform_3_w,lookAtPointX, lookAtPointY, lookAtPointZ
lucas,iPad Mini 6th,Middle,Regular,1715166427.663105,0.0,0.0,106.9290413132568,483.5013656067097,0.99902546,0.020642338,0.039015237,0.0,-0.013528433,0.9845632,-0.17450711,0.0,-0.0420152,0.17380923,0.9838828,0.0,0.052092362,-0.0042156754,-0.47885007,1.0,0.99990344,-0.002551746,0.013651717,0.0,0.0,0.9829756,0.18373542,0.0,-0.013888153,-0.1837177,0.98288083,0.0,-0.03336158,0.030781128,0.02764591,1.0,0.9961722,-0.016002744,0.08593492,0.0,0.0,0.98309946,0.18307212,0.0,-0.08741223,-0.18237136,0.9793363,0.0,0.033373106,0.030783331,0.027630854,1.0,-0.045911133,-0.13812049,0.9311744
lucas,iPad Mini 6th,Middle,Regular,1715166427.680056,0.0,0.0,105.25420740774767,483.6806157226638,0.99899983,0.020282783,0.03985034,0.0,-0.01300174,0.9844601,-0.17512652,0.0,-0.04278312,0.17443322,0.98373914,0.0,0.05216412,-0.0042405403,-0.47905698,1.0,0.99990976,-0.0024749406,0.013202612,0.0,0.0,0.9828796,0.18424903,0.0,-0.013432583,-0.18423241,0.98279095,0.0,-0.0334161,0.030748084,0.027573949,1.0,0.99620014,-0.015989127,0.085613385,0.0,0.0,0.9830037,0.18358544,0.0,-0.08709365,-0.18288784,0.97926843,0.0,0.033423807,0.030746525,0.027566602,1.0,-0.04555125,-0.13860399,0.93090403
lucas,iPad Mini 6th,Middle,Regular,1715166427.696754,0.0,0.0,104.18106149148753,483.50227404954865,0.99897486,0.020101698,0.0405646,0.0,-0.012672001,0.98435766,-0.17572606,0.0,-0.043462437,0.17503186,0.98360306,0.0,0.052219942,-0.004256344,-0.4791708,1.0,0.99991524,-0.0024061918,0.0127914185,0.0,0.0,0.9827634,0.18486747,0.0,-0.013015765,-0.18485181,0.98268014,0.0,-0.0334161,0.030748084,0.027573949,1.0,0.99623454,-0.01597051,0.08521507,0.0,0.0,0.9828875,0.18420702,0.0,-0.0866987,-0.1835134,0.9791865,0.0,0.033423807,0.030746525,0.027566602,1.0,-0.045171857,-0.1391515,0.93069106
lucas,iPad Mini 6th,Middle,Regular,1715166427.713481,0.0,0.0,104.54894498166607,482.9966777969064,0.9989753,0.019565856,0.040812045,0.0,-0.0120986905,0.98435706,-0.17576918,0.0,-0.043612678,0.1750953,0.983585,0.0,0.052248094,-0.0042216377,-0.4791799,1.0,0.9999184,-0.002365342,0.012556384,0.0,0.0,0.98271567,0.18512166,0.0,-0.012777231,-0.18510655,0.9826355,0.0,-0.0334161,0.030748084,0.027573949,1.0,0.99625474,-0.015949951,0.08498291,0.0,0.0,0.98283935,0.18446343,0.0,-0.08646674,-0.18377256,0.97915834,0.0,0.033423807,0.030746525,0.027566602,1.0,-0.044955753,-0.1393837,0.93064225
lucas,iPad Mini 6th,Middle,Regular,1715166427.730124,0.0,0.0,104.42365158906603,481.85094012589906,0.9989774,0.019345557,0.040863343,0.0,-0.011884105,0.98440593,-0.17550999,0.0,-0.043621473,0.1748449,0.9836293,0.0,0.05228052,-0.004145369,-0.47917137,1.0,0.99991775,-0.002376467,0.012607531,0.0,0.0,0.9826945,0.18523382,0.0,-0.012829552,-0.18521859,0.9826137,0.0,-0.0334161,0.030748084,0.027573949,1.0,0.9962497,-0.015970241,0.08503804,0.0,0.0,0.9828185,0.18457444,0.0,-0.08652466,-0.18388224,0.97913265,0.0,0.033423807,0.030746525,0.027566602,1.0,-0.045002036,-0.1394762,0.9305661
lucas,iPad Mini 6th,Middle,Regular,1715166427.7467918,0.0,0.0,107.23963313860688,476.9713589485705,0.99899155,0.019222276,0.040576674,0.0,-0.011869415,0.9846344,-0.17422502,0.0,-0.043302186,0.17356767,0.98386955,0.0,0.05231535,-0.0039655226,-0.47917196,1.0,0.999919,-0.002356417,0.012506302,0.0,0.0,0.9827083,0.18516028,0.0,-0.012726363,-0.18514529,0.9826287,0.0,-0.0334161,0.030748084,0.027573949,1.0,0.99625754,-0.015947156,0.084949486,0.0,0.0,0.982832,0.18450229,0.0,-0.086433366,-0.18381181,0.97915393,0.0,0.033423807,0.030746525,0.027566602,1.0,-0.044907145,-0.13938096,0.93043333
lucas,iPad Mini 6th,Middle,Regular,1715166427.7636142,0.0,0.0,110.24161835941743,474.6448607444763,0.99901855,0.019350544,0.039842,0.0,-0.012189853,0.9849001,-0.17269373,0.0,-0.042582095,0.17203856,0.9841694,0.0,0.05232108,-0.0037203885,-0.4791566,1.0,0.99991584,-0.0023936376,0.012750381,0.0,0.0,0.98283106,0.18450755,0.0,-0.012973115,-0.18449202,0.9827483,0.0,-0.0334161,0.030748084,0.027573949,1.0,0.9962367,-0.015934782,0.085196026,0.0,0.0,0.9829545,0.18384854,0.0,-0.0866734,-0.18315668,0.97925544,0.0,0.033423807,0.030746525,0.027566602,1.0,-0.04513062,-0.13876982,0.9304826
lucas,iPad Mini 6th,Middle,Regular,1715166427.780132,0.0,0.0,111.09862659918511,473.8297723604469,0.9990345,0.019254256,0.03949165,0.0,-0.012212084,0.98513126,-0.17136984,0.0,-0.042204045,0.17072208,0.984415,0.0,0.05231266,-0.003498913,-0.4790516,1.0,0.9999132,-0.0024213444,0.01295103,0.0,0.0,0.982968,0.1837772,0.0,-0.013175434,-0.18376125,0.9828827,0.0,-0.0334161,0.030748084,0.027573949,1.0,0.9962208,-0.015904969,0.085387595,0.0,0.0,0.9830908,0.18311828,0.0,-0.08685625,-0.18242626,0.9793756,0.0,0.033423807,0.030746525,0.027566602,1.0,-0.045316152,-0.13811557,0.9306955
lucas,iPad Mini 6th,Middle,Regular,1715166427.796777,0.0,0.0,115.2474252785754,467.3481522366757,0.99906814,0.019137615,0.03868946,0.0,-0.012284524,0.98533744,-0.17017396,0.0,-0.04137887,0.16954009,0.9846541,0.0,0.0522883,-0.0033463084,-0.47889718,1.0,0.9999123,-0.0024368877,0.013015409,0.0,0.0,0.98292,0.18403307,0.0,-0.013241574,-0.18401694,0.98283386,0.0,-0.0334161,0.030748084,0.027573949,1.0,0.996216,-0.015937213,0.08543792,0.0,0.0,0.98304343,0.18337259,0.0,-0.08691164,-0.18267871,0.9793236,0.0,0.033423807,0.030746525,0.027566602,1.0,-0.045377538,-0.13838223,0.9308192
lucas,iPad Mini 6th,Middle,Regular,1715166427.813545,0.0,0.0,115.99617342897288,466.6452924028391,0.99907625,0.019052796,0.038521264,0.0,-0.012231691,0.9853474,-0.17012005,0.0,-0.041198056,0.16949171,0.9846701,0.0,0.052274823,-0.0033033704,-0.47860682,1.0,0.9999121,-0.0024424836,0.013031473,0.0,0.0,0.98288465,0.18422166,0.0,-0.013258395,-0.18420547,0.9827983,0.0,-0.0334161,0.030748084,0.027573949,1.0,0.99621415,-0.01595739,0.08545558,0.0,0.0,0.98300844,0.18356028,0.0,-0.0869327,-0.18286537,0.97928697,0.0,0.033423807,0.030746525,0.027566602,1.0,-0.045392007,-0.13855138,0.9307643
lucas,iPad Mini 6th,Top,Regular,1715166432.0301452,0.0,0.0,72.56053897779523,1800.507430346932,0.99835354,0.047212806,0.03257057,0.0,-0.023755956,0.8572146,-0.5144109,0.0,-0.05220676,0.51279026,0.8569251,0.0,0.053190004,0.009191894,-0.5204312,1.0,0.9998021,-0.00752049,0.018417055,0.0,0.0,0.9257891,0.37804025,0.0,-0.019893358,-0.37796545,0.9256059,0.0,-0.033178788,0.030398784,0.027008861,1.0,0.9957708,-0.034610614,0.085103184,0.0,0.0,0.9263244,0.37672687,0.0,-0.0918719,-0.3751336,0.92240685,0.0,0.033184644,0.030398447,0.026993157,1.0,-0.051425558,-0.34414616,0.94405663
lucas,iPad Mini 6th,Top,Regular,1715166432.046916,0.0,0.0,70.58151418299188,1794.4769955310296,0.99836934,0.046822064,0.03264994,0.0,-0.023454407,0.85796034,-0.51318026,0.0,-0.052040525,0.5115777,0.85765964,0.0,0.05317928,0.00933852,-0.5203189,1.0,0.99979615,-0.0076260515,0.018697798,0.0,0.0,0.9259464,0.3776549,0.0,-0.020193174,-0.37757793,0.92575765,0.0,-0.033178788,0.030398784,0.027008861,1.0,0.9957441,-0.034683604,0.08538596,0.0,0.0,0.9264834,0.37633568,0.0,-0.09216135,-0.37473404,0.92254037,0.0,0.033184644,0.030398447,0.026993157,1.0,-0.051702414,-0.34373835,0.9441431
lucas,iPad Mini 6th,Top,Regular,1715166432.063353,0.0,0.0,68.5683869221431,1786.1486784604592,0.99839604,0.046220563,0.032691915,0.0,-0.023009066,0.8588938,-0.5116367,0.0,-0.051727053,0.5100639,0.85857975,0.0,0.053165473,0.009486628,-0.52032346,1.0,0.9997882,-0.007765423,0.019060215,0.0,0.0,0.92608976,0.37730312,0.0,-0.02058139,-0.37722322,0.92589366,0.0,-0.033178788,0.030398784,0.027008861,1.0,0.9957086,-0.03479452,0.08575456,0.0,0.0,0.9266296,0.37597573,0.0,-0.09254459,-0.37436226,0.9226531,0.0,0.033184644,0.030398447,0.026993157,1.0,-0.052058753,-0.34333625,0.9441465
lucas,iPad Mini 6th,Top,Regular,1715166432.079982,0.0,0.0,70.05325467215748,1782.3009927225864,0.9984255,0.045699317,0.032530893,0.0,-0.022683652,0.8593078,-0.5109557,0.0,-0.05130438,0.50941336,0.8589912,0.0,0.053123157,0.009575871,-0.5203485,1.0,0.9997883,-0.0077622724,0.019055583,0.0,0.0,0.9261113,0.3772505,0.0,-0.02057591,-0.37717062,0.9259152,0.0,-0.033178788,0.030398784,0.027008861,1.0,0.99570876,-0.034788575,0.08575382,0.0,0.0,0.9266507,0.37592328,0.0,-0.09254168,-0.37431014,0.9226743,0.0,0.033184644,0.030398447,0.026993157,1.0,-0.052053064,-0.34326228,0.94411427
lucas,iPad Mini 6th,Top,Regular,1715166432.097996,0.0,0.0,76.81509355215107,1786.5416995202463,0.9984703,0.04524618,0.031775557,0.0,-0.022664301,0.85915715,-0.5112095,0.0,-0.050430477,0.50970745,0.8588684,0.0,0.053082675,0.009602752,-0.5203757,1.0,0.9997928,-0.0076755895,0.018851798,0.0,0.0,0.9261743,0.37709576,0.0,-0.020354483,-0.37701762,0.9259824,0.0,-0.033178788,0.030398784,0.027008861,1.0,0.9957269,-0.034701213,0.08557823,0.0,0.0,0.92671156,0.37577328,0.0,-0.09234613,-0.3741676,0.92275167,0.0,0.033184644,0.030398447,0.026993157,1.0,-0.051843803,-0.34296072,0.94381666
lucas,iPad Mini 6th,Top,Regular,1715166432.113531,0.0,0.0,79.6188051467688,1763.3293593511808,0.99854946,0.044862382,0.029771382,0.0,-0.02335881,0.8591529,-0.51118577,0.0,-0.04851117,0.5097489,0.85895455,0.0,0.052808248,0.009215927,-0.5179491,1.0,0.999767,-0.0081593115,0.019985747,0.0,0.0,0.92581743,0.37797102,0.0,-0.021587135,-0.37788296,0.9256017,0.0,-0.033178788,0.030398784,0.027008861,1.0,0.99561244,-0.035240926,0.08668228,0.0,0.0,0.92636865,0.3766178,0.0,-0.09357212,-0.3749654,0.9223042,0.0,0.033184644,0.030398447,0.026993157,1.0,-0.052972306,-0.3439369,0.9437079
lucas,iPad Mini 6th,Top,Regular,1715166432.130001,0.0,0.0,84.72174373052017,1750.392655197091,0.99857634,0.045175057,0.0283632,0.0,-0.024343265,0.859087,-0.51125044,0.0,-0.04746221,0.5098322,0.85896355,0.0,0.05280457,0.009046683,-0.5170869,1.0,0.99975246,-0.008428947,0.020588553,0.0,0.0,0.9254467,0.3788776,0.0,-0.022247149,-0.37878385,0.9252177,0.0,-0.033178788,0.030398784,0.027008861,1.0,0.99555117,-0.03556962,0.087250605,0.0,0.0,0.9260068,0.37750694,0.0,-0.09422243,-0.3758275,0.9218872,0.0,0.033184644,0.030398447,0.026993157,1.0,-0.05357819,-0.3449981,0.9437265
lucas,iPad Mini 6th,Top,Regular,1715166432.146727,0.0,0.0,89.71296177487675,1739.291292454314,0.9985978,0.045466263,0.02711604,0.0,-0.025226675,0.85901827,-0.51132286,0.0,-0.04654112,0.5099219,0.85896075,0.0,0.05281008,0.008960483,-0.5166354,1.0,0.9997404,-0.008655425,0.021072367,0.0,0.0,0.92500895,0.37994522,0.0,-0.022780716,-0.37984663,0.9247689,0.0,-0.033178788,0.030398784,0.027008861,1.0,0.9955009,-0.035869107,0.08769985,0.0,0.0,0.9255769,0.37855956,0.0,-0.09475155,-0.3768564,0.9214127,0.0,0.033184644,0.030398447,0.026993157,1.0,-0.054067023,-0.34622654,0.9436971
lucas,iPad Mini 6th,Top,Regular,1715166432.163471,0.0,0.0,92.73151412430242,1728.8717399685402,0.998627,0.04547969,0.025992915,0.0,-0.02583708,0.85928386,-0.51084596,0.0,-0.045568388,0.509473,0.85927904,0.0,0.052765217,0.008952957,-0.51627475,1.0,0.9997255,-0.008915916,0.021667346,0.0,0.0,0.9247672,0.3805333,0.0,-0.023430055,-0.38042885,0.92451334,0.0,-0.033178788,0.030398784,0.027008861,1.0,0.9954395,-0.036166824,0.08827217,0.0,0.0,0.925343,0.37913102,0.0,-0.09539399,-0.37740207,0.9211231,0.0,0.033184644,0.030398447,0.026993157,1.0,-0.054662324,-0.34690636,0.9436793
lucas,iPad Mini 6th,Top,Regular,1715166432.180162,0.0,0.0,88.89984566806339,1728.0444832317473,0.9986218,0.0452773,0.026536282,0.0,-0.025403187,0.8594914,-0.51051843,0.0,-0.045922622,0.5091409,0.8594572,0.0,0.052851744,0.009065422,-0.51661134,1.0,0.99972004,-0.009007642,0.021881154,0.0,0.0,0.92471147,0.38066867,0.0,-0.023662683,-0.3805621,0.9244526,0.0,-0.033178788,0.030398784,0.027008861,1.0,0.9954174,-0.03626686,0.088480994,0.0,0.0,0.9252899,0.37926066,0.0,-0.095625155,-0.37752265,0.92104965,0.0,0.033184644,0.030398447,0.026993157,1.0,-0.054875277,-0.3470573,0.94365966
lucas,iPad Mini 6th,Down,Regular,1715166437.1474838,0.0,0.0,166.8759291683595,-301.85956527679923,0.99961,0.0054431995,0.027389312,0.0,-0.008132287,0.99504936,0.09904824,0.0,-0.026714586,-0.09923237,0.99470556,0.0,0.049001925,-0.04790823,-0.5115225,1.0,0.9999445,0.0006513314,0.0105104605,0.0,0.0,0.9980854,-0.061851177,0.0,-0.010530622,0.06184775,0.99803007,0.0,-0.033272874,0.03062247,0.026464066,1.0,0.9965235,0.0051375,0.083153784,0.0,0.0,0.9980969,-0.06166553,0.0,-0.08331234,0.061451152,0.994627,0.0,0.033247367,0.030599289,0.02646298,1.0,-0.04285985,0.087039195,0.9368038
lucas,iPad Mini 6th,Down,Regular,1715166437.163755,0.0,0.0,168.7061307057152,-295.251743317589,0.9996251,0.0053315214,0.026857069,0.0,-0.007939126,0.99516046,0.09794179,0.0,-0.026204916,-0.09811827,0.99482965,0.0,0.04897832,-0.047995653,-0.511297,1.0,0.99994254,0.00066298136,0.010703232,0.0,0.0,0.9980871,-0.061823674,0.0,-0.010723745,0.06182012,0.99802977,0.0,-0.033272874,0.03062247,0.026464066,1.0,0.99650776,0.0051467274,0.08334147,0.0,0.0,0.9980986,-0.06163728,0.0,-0.083500236,0.061422028,0.994613,0.0,0.033247367,0.030599289,0.02646298,1.0,-0.043036126,0.087016664,0.93684477
lucas,iPad Mini 6th,Down,Regular,1715166437.180592,0.0,0.0,168.7305988963899,-288.19648935381827,0.9996297,0.005165353,0.026719851,0.0,-0.0077262316,0.9952888,0.09664549,0.0,-0.02609475,-0.09681613,0.9949601,0.0,0.048973504,-0.047982723,-0.51136816,1.0,0.99994105,0.0006679667,0.01082691,0.0,0.0,0.99810225,-0.061577965,0.0,-0.010847495,0.06157434,0.9980435,0.0,-0.033272874,0.03062247,0.026464066,1.0,0.9964975,0.005133766,0.083465196,0.0,0.0,0.9981138,-0.061391853,0.0,-0.083622925,0.06117683,0.99461794,0.0,0.033247367,0.030599289,0.02646298,1.0,-0.04314878,0.08679159,0.93684214
lucas,iPad Mini 6th,Down,Regular,1715166437.1970758,0.0,0.0,167.7442809904185,-288.9572385122457,0.99962026,0.0048271604,0.02713269,0.0,-0.0074329344,0.99527854,0.09677402,0.0,-0.026537444,-0.09693891,0.99493647,0.0,0.049023688,-0.047807876,-0.5117892,1.0,0.9999427,0.0006565841,0.010678765,0.0,0.0,0.9981151,-0.061369132,0.0,-0.01069893,0.06136562,0.998058,0.0,-0.033272874,0.03062247,0.026464066,1.0,0.9965097,0.0051074736,0.08332036,0.0,0.0,0.99812645,-0.06118438,0.0,-0.08347675,0.06097083,0.99464273,0.0,0.033247367,0.030599289,0.02646298,1.0,-0.043013386,0.086599626,0.93683124
lucas,iPad Mini 6th,Down,Regular,1715166437.2139192,0.0,0.0,163.26226308707177,-293.4149675228465,0.9995975,0.0043463707,0.02803662,0.0,-0.007061704,0.9952114,0.09749055,0.0,-0.027478617,-0.09764932,0.99484134,0.0,0.04909391,-0.047623076,-0.5122253,1.0,0.9999435,0.00065066083,0.010615925,0.0,0.0,0.998127,-0.061176218,0.0,-0.010635846,0.06117276,0.9980706,0.0,-0.033272874,0.03062247,0.026464066,1.0,0.9965158,0.0050869174,0.08324712,0.0,0.0,0.9981381,-0.060992457,0.0,-0.08340239,0.06077996,0.9946606,0.0,0.033247367,0.030599289,0.02646298,1.0,-0.04295754,0.08643215,0.9369813
lucas,iPad Mini 6th,Down,Regular,1715166437.230542,0.0,0.0,159.2846102572567,-301.0654906100176,0.9995839,0.004083141,0.028553868,0.0,-0.006877723,0.9951165,0.09846858,0.0,-0.028012391,-0.098624006,0.9947305,0.0,0.049101014,-0.04749929,-0.5123713,1.0,0.99994206,0.00065367843,0.010733275,0.0,0.0,0.9981505,-0.06078941,0.0,-0.010753161,0.060785897,0.99809283,0.0,-0.033272874,0.03062247,0.026464066,1.0,0.9965061,0.0050618197,0.083365954,0.0,0.0,0.99816173,-0.06060645,0.0,-0.08351948,0.0603947,0.9946743,0.0,0.033247367,0.030599289,0.02646298,1.0,-0.043064248,0.08607729,0.936969
lucas,iPad Mini 6th,Down,Regular,1715166437.2472239,0.0,0.0,156.0459756769064,-307.5682678893795,0.9995735,0.0041881264,0.028893232,0.0,-0.007051567,0.99498993,0.09972628,0.0,-0.028330823,-0.09988752,0.9945953,0.0,0.049117733,-0.047390647,-0.5124012,1.0,0.99994,0.0006668887,0.010933175,0.0,0.0,0.9981448,-0.06088364,0.0,-0.010953495,0.06087999,0.99808496,0.0,-0.033272874,0.03062247,0.026464066,1.0,0.99649,0.005081232,0.08355689,0.0,0.0,0.9981561,-0.06069951,0.0,-0.083711244,0.06048646,0.9946526,0.0,0.033247367,0.030599289,0.02646298,1.0,-0.04324758,0.086168684,0.9370509
lucas,iPad Mini 6th,Down,Regular,1715166437.263725,0.0,0.0,154.81415109371576,-309.61991432191815,0.9995712,0.0042660846,0.028973872,0.0,-0.007137125,0.99498975,0.09972275,0.0,-0.028403273,-0.09988678,0.9945934,0.0,0.049102057,-0.04740717,-0.51214296,1.0,0.99993914,0.00066715985,0.011005284,0.0,0.0,0.9981675,-0.060510688,0.0,-0.011025487,0.060507007,0.99810684,0.0,-0.033272874,0.03062247,0.026464066,1.0,0.9964839,0.005054467,0.08363118,0.0,0.0,0.9981786,-0.06032751,0.0,-0.08378378,0.060115393,0.9946689,0.0,0.033247367,0.030599289,0.02646298,1.0,-0.04331297,0.08582623,0.93703467
lucas,iPad Mini 6th,Down,Regular,1715166437.280562,0.0,0.0,158.42726732802205,-309.4492705065435,0.999583,0.004394469,0.028536791,0.0,-0.0072076605,0.9950374,0.09924004,0.0,-0.027959079,-0.099404335,0.9946543,0.0,0.049063075,-0.04745195,-0.5118815,1.0,0.9999414,0.00064962823,0.010801262,0.0,0.0,0.9981962,-0.060035244,0.0,-0.01082078,0.06003173,0.9981378,0.0,-0.033272874,0.03062247,0.026464066,1.0,0.9965008,0.0050028125,0.083432935,0.0,0.0,0.99820703,-0.05985457,0.0,-0.08358279,0.05964513,0.99471414,0.0,0.033247367,0.030599289,0.02646298,1.0,-0.043126315,0.08538957,0.93701446
lucas,iPad Mini 6th,Down,Regular,1715166437.297364,0.0,0.0,158.43790567179366,-306.99795703765915,0.99958944,0.004779315,0.028249418,0.0,-0.007536311,0.9951274,0.098309666,0.0,-0.027641919,-0.09848223,0.9947548,0.0,0.04902959,-0.0475166,-0.51154894,1.0,0.9999391,0.0006566206,0.011016887,0.0,0.0,0.9982285,-0.0594957,0.0,-0.011036437,0.059492078,0.99816775,0.0,-0.033272874,0.03062247,0.026464066,1.0,0.9964834,0.0049700635,0.08364209,0.0,0.0,0.9982392,-0.059315976,0.0,-0.08378962,0.05910739,0.99472886,0.0,0.033247367,0.030599289,0.02646298,1.0,-0.043323636,0.08490069,0.9370976
lucas,iPad Mini 6th,Left,Regular,1715166443.1644769,0.0,0.0,-369.45500066430554,691.358394371243,0.9304977,0.049818836,0.36289373,0.0,-0.017004412,0.9955148,-0.09306529,0.0,-0.36590248,0.080426276,0.9271714,0.0,0.026912328,-0.022059953,-0.54166496,1.0,0.95230246,0.011280311,-0.30494735,0.0,0.0,0.9993165,0.03696573,0.0,0.3051559,-0.035202555,0.9516516,0.0,-0.033451416,0.030961819,0.026920978,1.0,0.9709046,0.009019593,-0.23929617,0.0,0.0,0.9992903,0.037665423,0.0,0.23946609,-0.03656954,0.9702156,0.0,0.033437923,0.03094237,0.02690671,1.0,0.25700602,-0.0042474396,0.93335366
lucas,iPad Mini 6th,Left,Regular,1715166443.181278,0.0,0.0,-364.79473671340565,694.0035886670661,0.93042105,0.050048478,0.36305898,0.0,-0.017054787,0.99547124,-0.09352111,0.0,-0.3660954,0.08082212,0.92706084,0.0,0.026892284,-0.022014687,-0.5417514,1.0,0.9520352,0.0113827875,-0.30577666,0.0,0.0,0.9993079,0.037200056,0.0,0.30598843,-0.035415765,0.9513763,0.0,-0.033451416,0.030961819,0.026920978,1.0,0.9706849,0.009111,-0.2401827,0.0,0.0,0.9992813,0.03790636,0.0,0.24035543,-0.03679513,0.9699873,0.0,0.033437923,0.03094237,0.02690671,1.0,0.25791034,-0.0044845524,0.9334474
lucas,iPad Mini 6th,Left,Regular,1715166443.198031,0.0,0.0,-364.1035790577179,697.4667401137784,0.9302593,0.05081899,0.36336586,0.0,-0.017589476,0.9953996,-0.094181724,0.0,-0.36648044,0.081222035,0.9268738,0.0,0.026866503,-0.022036664,-0.54174584,1.0,0.9518651,0.011442596,-0.30630386,0.0,0.0,0.999303,0.03733097,0.0,0.3065175,-0.035534047,0.9512016,0.0,-0.033451416,0.030961819,0.026920978,1.0,0.97054636,0.009164671,-0.24073994,0.0,0.0,0.99927616,0.038041204,0.0,0.24091431,-0.036920752,0.96984386,0.0,0.033437923,0.03094237,0.02690671,1.0,0.2584581,-0.0046148333,0.933422
lucas,iPad Mini 6th,Left,Regular,1715166443.214819,0.0,0.0,-363.69891558575824,704.90174709061,0.9298309,0.05196426,0.3642997,0.0,-0.018306952,0.9952858,-0.09524279,0.0,-0.36753145,0.081890464,0.9263988,0.0,0.026844105,-0.022063494,-0.5417006,1.0,0.9514847,0.011479312,-0.30748197,0.0,0.0,0.9993039,0.037307296,0.0,0.30769616,-0.03549732,0.95082235,0.0,-0.033451416,0.030961819,0.026920978,1.0,0.97023183,0.009207595,-0.24200295,0.0,0.0,0.999277,0.038019944,0.0,0.24217804,-0.036888156,0.9695303,0.0,0.033437923,0.03094237,0.02690671,1.0,0.2597595,-0.0046139425,0.9336131
lucas,iPad Mini 6th,Left,Regular,1715166443.23134,0.0,0.0,-368.02723930459325,708.6151745394459,0.9297439,0.052278623,0.36447683,0.0,-0.01857628,0.9952685,-0.09536983,0.0,-0.36773813,0.08189889,0.92631596,0.0,0.026804682,-0.022054719,-0.54156566,1.0,0.9515714,0.011337634,-0.3072186,0.0,0.0,0.9993198,0.03687902,0.0,0.30742773,-0.03509302,0.95092416,0.0,-0.033451416,0.030961819,0.026920978,1.0,0.970304,0.009090809,-0.2417176,0.0,0.0,0.99929357,0.037582643,0.0,0.24188846,-0.036466595,0.9696186,0.0,0.033437923,0.03094237,0.02690671,1.0,0.25945514,-0.0041991575,0.93354535
lucas,iPad Mini 6th,Left,Regular,1715166443.247966,0.0,0.0,-365.2604332003068,710.3482205058176,0.9297316,0.052354913,0.364497,0.0,-0.018578257,0.99524975,-0.09556572,0.0,-0.3677689,0.082078755,0.92628783,0.0,0.026774116,-0.022040673,-0.54144996,1.0,0.95143527,0.011349785,-0.30763963,0.0,0.0,0.9993201,0.036868036,0.0,0.30784893,-0.03507755,0.9507884,0.0,-0.033451416,0.030961819,0.026920978,1.0,0.970192,0.009105223,-0.24216639,0.0,0.0,0.9992939,0.037572492,0.0,0.2423375,-0.03645253,0.969507,0.0,0.033437923,0.03094237,0.02690671,1.0,0.25990912,-0.0041949926,0.9335785
lucas,iPad Mini 6th,Left,Regular,1715166443.264765,0.0,0.0,-356.9315901891453,710.1032517223846,0.9298158,0.051677614,0.3643786,0.0,-0.01784493,0.99525857,-0.09561507,0.0,-0.36759198,0.0824021,0.9263294,0.0,0.026763236,-0.021970578,-0.54138774,1.0,0.9511521,0.011481012,-0.3085091,0.0,0.0,0.9993082,0.037188757,0.0,0.30872265,-0.035372168,0.95049417,0.0,-0.033451416,0.030961819,0.026920978,1.0,0.9699588,0.009220312,-0.24309446,0.0,0.0,0.99928147,0.037901673,0.0,0.24326923,-0.03676306,0.9692618,0.0,0.033437923,0.03094237,0.02690671,1.0,0.26085246,-0.0045145936,0.93364984
lucas,iPad Mini 6th,Left,Regular,1715166443.2812839,0.0,0.0,-349.13719844395723,707.0545653677362,0.93023545,0.05063344,0.36345273,0.0,-0.01691191,0.99529797,-0.095372215,0.0,-0.36657277,0.08257195,0.92671794,0.0,0.026726184,-0.02188569,-0.54138476,1.0,0.9511574,0.011618311,-0.30848747,0.0,0.0,0.99929154,0.037635494,0.0,0.3087062,-0.03579728,0.9504836,0.0,-0.033451416,0.030961819,0.026920978,1.0,0.9699615,0.009330691,-0.24307956,0.0,0.0,0.9992641,0.03835709,0.0,0.24325857,-0.037204903,0.96924776,0.0,0.033437923,0.03094237,0.02690671,1.0,0.26086462,-0.0049447594,0.93374074
lucas,iPad Mini 6th,Left,Regular,1715166443.2979898,0.0,0.0,-343.9500615528719,704.4616782543228,0.93039054,0.05022506,0.36311278,0.0,-0.016697353,0.99534774,-0.09489153,0.0,-0.36618936,0.08222316,0.92690074,0.0,0.026716031,-0.021815566,-0.5414651,1.0,0.9510649,0.011640716,-0.30877167,0.0,0.0,0.99929005,0.037673313,0.0,0.30899101,-0.035829768,0.95038974,0.0,-0.033451416,0.030961819,0.026920978,1.0,0.9698828,0.0093522575,-0.2433924,0.0,0.0,0.99926263,0.038396277,0.0,0.243572,-0.037239887,0.96916765,0.0,0.033437923,0.03094237,0.02690671,1.0,0.26121464,-0.0049904645,0.93389404
lucas,iPad Mini 6th,Left,Regular,1715166443.31457,0.0,0.0,-335.29951024477873,697.7978675285663,0.93060106,0.04997631,0.36260706,0.0,-0.016643396,0.99538803,-0.09447543,0.0,-0.36565623,0.08188394,0.927141,0.0,0.026716819,-0.021766985,-0.5414791,1.0,0.9508951,0.011851857,-0.3092863,0.0,0.0,0.9992667,0.03829192,0.0,0.30951327,-0.0364116,0.95019776,0.0,-0.033451416,0.030961819,0.026920978,1.0,0.9697432,0.009527903,-0.24394135,0.0,0.0,0.99923813,0.039028414,0.0,0.24412735,-0.037847538,0.96900433,0.0,0.033437923,0.03094237,0.02690671,1.0,0.2617718,-0.0055889892,0.93391377
lucas,iPad Mini 6th,Right,Regular,1715166447.431662,0.0,0.0,249.85414995687216,407.89374797902707,0.94310194,-0.02617107,-0.33147195,0.0,-0.03355716,0.9843162,-0.17319241,0.0,0.3308058,0.17446138,0.92743224,0.0,0.07504392,-0.003916709,-0.56178373,1.0,0.91195285,-0.084182546,0.4015659,0.0,0.0,0.9787251,0.2051757,0.0,-0.4102949,-0.18711057,0.8925512,0.0,-0.033347383,0.030790742,0.027321273,1.0,0.88689744,-0.092274934,0.4526568,0.0,0.0,0.97984815,0.19974388,0.0,-0.46196628,-0.17715234,0.8690248,0.0,0.033341285,0.030769488,0.02730227,1.0,-0.45604512,-0.18518206,0.9668418
lucas,iPad Mini 6th,Right,Regular,1715166447.448268,0.0,0.0,256.7030439578642,415.99116517697263,0.9424144,-0.025574699,-0.33346835,0.0,-0.03465178,0.9842394,-0.17341359,0.0,0.3326477,0.17498274,0.926675,0.0,0.07489814,-0.0039219824,-0.56157005,1.0,0.9115149,-0.08405034,0.40258676,0.0,0.0,0.9788939,0.20436928,0.0,-0.41126698,-0.18628564,0.8922764,0.0,-0.033347383,0.030790742,0.027321273,1.0,0.8864382,-0.0920833,0.4535946,0.0,0.0,0.9800097,0.19894974,0.0,-0.46284705,-0.17635664,0.868718,0.0,0.033341285,0.030769488,0.02730227,1.0,-0.45736438,-0.18445742,0.9670948
lucas,iPad Mini 6th,Right,Regular,1715166447.46495,0.0,0.0,257.3709406955974,419.96675010400963,0.9420287,-0.02523549,-0.33458206,0.0,-0.03514228,0.98426276,-0.17318143,0.0,0.33368695,0.17489982,0.926317,0.0,0.0747526,-0.0038967996,-0.56161237,1.0,0.91115505,-0.08392072,0.4034275,0.0,0.0,0.9790417,0.2036596,0.0,-0.41206363,-0.18556549,0.89205885,0.0,-0.033347383,0.030790742,0.027321273,1.0,0.8860615,-0.09190298,0.45436624,0.0,0.0,0.98015106,0.19825153,0.0,-0.4635675,-0.17566307,0.86847425,0.0,0.033341285,0.030769488,0.02730227,1.0,-0.4584583,-0.18381518,0.9673266
lucas,iPad Mini 6th,Right,Regular,1715166447.481804,0.0,0.0,247.41882986323103,412.4272602475065,0.94199896,-0.024554381,-0.33471623,0.0,-0.035608668,0.9843785,-0.17242709,0.0,0.3337212,0.17434494,0.9264093,0.0,0.074671656,-0.0038676215,-0.56178224,1.0,0.910647,-0.084244356,0.40450573,0.0,0.0,0.9789937,0.20389006,0.0,-0.41318518,-0.18567188,0.8915177,0.0,-0.033347383,0.030790742,0.027321273,1.0,0.8855267,-0.09220578,0.45534667,0.0,0.0,0.9801074,0.19846761,0.0,-0.46458852,-0.17574838,0.86791134,0.0,0.033341285,0.030769488,0.02730227,1.0,-0.45994234,-0.18423335,0.96752316
lucas,iPad Mini 6th,Right,Regular,1715166447.4982572,0.0,0.0,240.30201694392784,402.15788770684105,0.9423414,-0.023624925,-0.33381832,0.0,-0.03637438,0.9843645,-0.17234708,0.0,0.33267063,0.17455223,0.926748,0.0,0.07461582,-0.0039066384,-0.56183547,1.0,0.910738,-0.08464943,0.40421626,0.0,0.0,0.9787682,0.2049699,0.0,-0.41298467,-0.18667388,0.89140147,0.0,-0.033347383,0.030790742,0.027321273,1.0,0.8856209,-0.09266003,0.45507115,0.0,0.0,0.9798932,0.1995225,0.0,-0.46440893,-0.17670129,0.8678139,0.0,0.033341285,0.030769488,0.02730227,1.0,-0.45965168,-0.18537955,0.9674325
lucas,iPad Mini 6th,Right,Regular,1715166447.5152168,0.0,0.0,235.0023765791589,399.4859660664412,0.9429441,-0.022970952,-0.33215758,0.0,-0.03650029,0.9844725,-0.17170162,0.0,0.33094424,0.17402889,0.9274642,0.0,0.07457634,-0.0038711648,-0.56194925,1.0,0.91124,-0.08423005,0.40317112,0.0,0.0,0.9788658,0.20450352,0.0,-0.41187575,-0.18635179,0.8919817,0.0,-0.033347383,0.030790742,0.027321273,1.0,0.88614553,-0.0922529,0.4541317,0.0,0.0,0.9799842,0.19907527,0.0,-0.46340716,-0.17640966,0.8684086,0.0,0.033341285,0.030769488,0.02730227,1.0,-0.4581185,-0.1846691,0.96709114
lucas,iPad Mini 6th,Right,Regular,1715166447.531621,0.0,0.0,226.25567376848284,396.0954422340618,0.94355226,-0.022449035,-0.33046272,0.0,-0.03632962,0.98466694,-0.17062047,0.0,0.32922608,0.17299488,0.9282689,0.0,0.074550554,-0.0037670308,-0.5620617,1.0,0.9115651,-0.083805546,0.40252388,0.0,0.0,0.9790064,0.20382932,0.0,-0.41115546,-0.18580371,0.89242816,0.0,-0.033347383,0.030790742,0.027321273,1.0,0.8864801,-0.09182282,0.45356563,0.0,0.0,0.9801169,0.19842133,0.0,-0.46276686,-0.17589656,0.8688541,0.0,0.033341285,0.030769488,0.02730227,1.0,-0.45703468,-0.18375528,0.9666705
lucas,iPad Mini 6th,Right,Regular,1715166447.548359,0.0,0.0,221.28964708311352,396.0478446105803,0.94394237,-0.021904407,-0.32938293,0.0,-0.03634689,0.98483294,-0.16965531,0.0,0.3281034,0.17211686,0.92882943,0.0,0.07443777,-0.0035787297,-0.56201905,1.0,0.9118719,-0.083339214,0.40192568,0.0,0.0,0.9791723,0.2030312,0.0,-0.41047493,-0.18513845,0.8928797,0.0,-0.033347383,0.030790742,0.027321273,1.0,0.8868007,-0.091343105,0.4530352,0.0,0.0,0.9802732,0.19764732,0.0,-0.46215197,-0.17527379,0.869307,0.0,0.033341285,0.030769488,0.02730227,1.0,-0.45609638,-0.1827593,0.9664601
lucas,iPad Mini 6th,Right,Regular,1715166447.564866,0.0,0.0,216.45309740868143,391.86880434721,0.9440115,-0.02196743,-0.3291807,0.0,-0.035930492,0.985,-0.1687727,0.0,0.32795048,0.17115098,0.92906183,0.0,0.07438105,-0.0033842814,-0.5622659,1.0,0.91176426,-0.08338085,0.4021611,0.0,0.0,0.97917575,0.20301442,0.0,-0.4107139,-0.18510129,0.89277744,0.0,-0.033347383,0.030790742,0.027321273,1.0,0.88668525,-0.09137827,0.45325413,0.0,0.0,0.980277,0.19762868,0.0,-0.46237352,-0.17523444,0.8691972,0.0,0.033341285,0.030769488,0.02730227,1.0,-0.45637777,-0.18275869,0.96642756
lucas,iPad Mini 6th,Right,Regular,1715166447.581637,0.0,0.0,214.18132093243713,390.4041195673736,0.9440148,-0.021877058,-0.32917678,0.0,-0.036001295,0.98500836,-0.16870822,0.0,0.32793275,0.17111388,0.9290749,0.0,0.07432226,-0.003315219,-0.56257427,1.0,0.9117022,-0.08350145,0.40227678,0.0,0.0,0.97912896,0.20323989,0.0,-0.4108517,-0.18529426,0.892674,0.0,-0.033347383,0.030790742,0.027321273,1.0,0.8866165,-0.09150521,0.45336282,0.0,0.0,0.98023295,0.19784687,0.0,-0.4625052,-0.17541432,0.8690908,0.0,0.033341285,0.030769488,0.02730227,1.0,-0.45650604,-0.1829992,0.9663334
lucas,iPad Mini 6th,Middle,Regular,1715166452.898683,566.5,0.0,333.9781084163921,507.2196845306655,0.99868345,-0.007894516,0.050685577,0.0,0.014638414,0.99086004,-0.13409695,0.0,-0.049163677,0.13466237,0.98967105,0.0,0.053916864,-0.0032549624,-0.5528725,1.0,0.999713,0.0033445137,-0.02372006,0.0,0.0,0.99020535,0.13961834,0.0,0.023954686,-0.13957828,0.9899212,0.0,-0.033313908,0.030719422,0.027260186,1.0,0.9987511,-0.006967972,0.049474455,0.0,0.0,0.9902272,0.1394634,0.0,-0.04996273,-0.13928922,0.98899055,0.0,0.033305563,0.030700283,0.027242996,1.0,-0.011738615,-0.09627463,0.92767274
lucas,iPad Mini 6th,Middle,Regular,1715166452.915508,566.5,0.0,343.41269370725774,503.6445555508606,0.9987268,-0.0077648317,0.049845,0.0,0.014360112,0.9909641,-0.13335659,0.0,-0.048359115,0.13390256,0.9898139,0.0,0.05394348,-0.003300798,-0.55294174,1.0,0.999705,0.0033814309,-0.024051797,0.0,0.0,0.9902615,0.1392204,0.0,0.024288328,-0.13917933,0.9899694,0.0,-0.033313908,0.030719422,0.027260186,1.0,0.9987674,-0.006902698,0.0491527,0.0,0.0,0.9902826,0.1390691,0.0,-0.04963502,-0.13889769,0.989062,0.0,0.033305563,0.030700283,0.027242996,1.0,-0.011439415,-0.095897935,0.9276119
lucas,iPad Mini 6th,Middle,Regular,1715166452.93204,566.5,0.0,352.2281512970061,504.7522820609761,0.9987785,-0.0073569478,0.048863366,0.0,0.0138289835,0.9909569,-0.13346756,0.0,-0.04743957,0.13398026,0.989848,0.0,0.05396852,-0.0034310014,-0.5529894,1.0,0.9997022,0.003389615,-0.024164017,0.0,0.0,0.9903043,0.13891524,0.0,0.0244006,-0.13887388,0.99000937,0.0,-0.033313908,0.030719422,0.027260186,1.0,0.9987735,-0.0068704505,0.049032252,0.0,0.0,0.9903253,0.13876541,0.0,-0.04951126,-0.13859522,0.9891107,0.0,0.033305563,0.030700283,0.027242996,1.0,-0.011334724,-0.09563552,0.92775613
lucas,iPad Mini 6th,Middle,Regular,1715166452.948621,566.5,0.0,360.2134116639303,505.53746355049253,0.9988308,-0.007018716,0.047832143,0.0,0.0133594945,0.99095017,-0.13356455,0.0,-0.046461806,0.13404739,0.9898852,0.0,0.053957254,-0.003536813,-0.55295306,1.0,0.9997015,0.003388198,-0.024194006,0.0,0.0,0.99033594,0.13868949,0.0,0.0244301,-0.1386481,0.9900403,0.0,-0.033313908,0.030719422,0.027260186,1.0,0.9987752,-0.0068546752,0.049000755,0.0,0.0,0.99035686,0.13854021,0.0,-0.049477875,-0.13837053,0.9891439,0.0,0.033305563,0.030700283,0.027242996,1.0,-0.01130695,-0.095433034,0.9278046
lucas,iPad Mini 6th,Middle,Regular,1715166452.965414,566.5,0.0,363.72918107612867,506.18478883920227,0.9988643,-0.006993305,0.047128864,0.0,0.013246611,0.9909318,-0.13371171,0.0,-0.045766413,0.13418417,0.9898991,0.0,0.05396883,-0.0035260962,-0.553102,1.0,0.9997086,0.0033490784,-0.023901973,0.0,0.0,0.99032575,0.13876171,0.0,0.024135463,-0.13872129,0.9900372,0.0,-0.033313908,0.030719422,0.027260186,1.0,0.9987606,-0.0068989983,0.049292494,0.0,0.0,0.99034715,0.13860941,0.0,-0.049772944,-0.13843763,0.98911977,0.0,0.033305563,0.030700283,0.027242996,1.0,-0.011572892,-0.09549695,0.9277891
lucas,iPad Mini 6th,Middle,Regular,1715166452.982717,566.5,0.0,359.3117343335171,514.2933942279009,0.99884653,-0.0074382373,0.047438115,0.0,0.013777009,0.99078625,-0.13473159,0.0,-0.045998864,0.13522972,0.98974586,0.0,0.053942066,-0.0034110763,-0.5531214,1.0,0.9997144,0.0033215075,-0.023665916,0.0,0.0,0.9902941,0.13898762,0.0,0.023897866,-0.13894792,0.9900113,0.0,-0.033313908,0.030719422,0.027260186,1.0,0.9987487,-0.0069426904,0.049523313,0.0,0.0,0.99031574,0.1388327,0.0,-0.050007593,-0.138659,0.9890767,0.0,0.033305563,0.030700283,0.027242996,1.0,-0.011786381,-0.09570965,0.92781675
lucas,iPad Mini 6th,Middle,Regular,1715166452.998714,566.5,0.0,346.80316972685614,515.5638754445267,0.9987671,-0.007906761,0.049009047,0.0,0.014459252,0.99076384,-0.134826,0.0,-0.047490336,0.1353684,0.98965645,0.0,0.053944554,-0.0031912206,-0.5531366,1.0,0.9997158,0.0033224192,-0.023606928,0.0,0.0,0.990241,0.13936569,0.0,0.023839578,-0.13932608,0.9899596,0.0,-0.033313908,0.030719422,0.027260186,1.0,0.9987469,-0.006967028,0.04955958,0.0,0.0,0.9902629,0.13921002,0.0,-0.050046887,-0.13903557,0.989022,0.0,0.033305563,0.030700283,0.027242996,1.0,-0.01183343,-0.09609257,0.9280468
lucas,iPad Mini 6th,Middle,Regular,1715166453.015337,566.5,0.0,335.6706569572603,519.5674428016416,0.99868524,-0.00833584,0.050580427,0.0,0.015111181,0.9907183,-0.13508876,0.0,-0.048984863,0.1356755,0.9895416,0.0,0.053968128,-0.0029868386,-0.55322057,1.0,0.9997139,0.0033366713,-0.02367975,0.0,0.0,0.9902178,0.13952981,0.0,0.023913676,-0.13948992,0.9899346,0.0,-0.033313908,0.030719422,0.027260186,1.0,0.9987514,-0.006962485,0.049467504,0.0,0.0,0.9902396,0.1393749,0.0,-0.04995508,-0.1392009,0.9890033,0.0,0.033305563,0.030700283,0.027242996,1.0,-0.011761381,-0.09627603,0.92826605
lucas,iPad Mini 6th,Middle,Regular,1715166453.032018,566.5,0.0,327.65697189203394,522.9357934568342,0.9986264,-0.008686401,0.05167134,0.0,0.015603269,0.9907215,-0.13500775,0.0,-0.05001917,0.13562852,0.9894962,0.0,0.05395751,-0.002858298,-0.5531941,1.0,0.9997123,0.0033408187,-0.023752395,0.0,0.0,0.9902529,0.13928092,0.0,0.02398619,-0.13924085,0.989968,0.0,-0.033313908,0.030719422,0.027260186,1.0,0.9987554,-0.006939257,0.049392078,0.0,0.0,0.99027455,0.13912696,0.0,-0.049877156,-0.1389538,0.98904204,0.0,0.033305563,0.030700283,0.027242996,1.0,-0.011694341,-0.09605486,0.9283348
lucas,iPad Mini 6th,Middle,Regular,1715166453.0487862,566.5,0.0,326.7064059930524,520.9891917041436,0.9986353,-0.00875651,0.05148669,0.0,0.015635662,0.99075377,-0.1347684,0.0,-0.049830534,0.13538949,0.98953867,0.0,0.053944245,-0.002826244,-0.5531506,1.0,0.99971896,0.003303301,-0.023473432,0.0,0.0,0.9902429,0.13935202,0.0,0.02370472,-0.13931288,0.98996466,0.0,-0.033313908,0.030719422,0.027260186,1.0,0.99874127,-0.0069816224,0.049668785,0.0,0.0,0.99026495,0.13919519,0.0,-0.050157063,-0.13902,0.9890186,0.0,0.033305563,0.030700283,0.027242996,1.0,-0.011947969,-0.09612128,0.9283438
lucas,iPad Mini 6th,Top,Regular,1715166458.965586,566.5,0.0,400.97442902917936,1362.8650926952287,0.9986754,0.024569651,0.04521012,0.0,-0.005257796,0.92276144,-0.3853361,0.0,-0.051185742,0.38458797,0.9216683,0.0,0.055226628,0.007844251,-0.5895662,1.0,0.9997747,0.00680794,-0.020100096,0.0,0.0,0.9471467,0.32080036,0.0,0.02122173,-0.32072812,0.94693345,0.0,-0.03324007,0.03075754,0.027160572,1.0,0.9986615,-0.016574841,0.048994854,0.0,0.0,0.9472631,0.32045683,0.0,-0.051722538,-0.32002792,0.9459952,0.0,0.03323242,0.0307385,0.027143784,1.0,-0.013916704,-0.27764612,0.9375016
lucas,iPad Mini 6th,Top,Regular,1715166458.982449,566.5,0.0,408.7955481189442,1368.9736535952784,0.99872875,0.024558175,0.044018503,0.0,-0.005715185,0.9228244,-0.3851782,0.0,-0.050080616,0.38443702,0.9217917,0.0,0.05516775,0.008121492,-0.5896348,1.0,0.99977994,0.006723284,-0.019873455,0.0,0.0,0.9472611,0.3204629,0.0,0.020979913,-0.3203924,0.94705266,0.0,-0.03324007,0.03075754,0.027160572,1.0,0.9986491,-0.016633578,0.049227066,0.0,0.0,0.9473789,0.32011455,0.0,-0.05196133,-0.31968212,0.9460991,0.0,0.03323242,0.0307385,0.027143784,1.0,-0.0141364075,-0.27729234,0.9375293
lucas,iPad Mini 6th,Top,Regular,1715166458.9986172,566.5,0.0,407.39229080949247,1368.429161645296,0.9987545,0.024435537,0.043501575,0.0,-0.0058081415,0.92287874,-0.3850467,0.0,-0.049555495,0.38431442,0.92187124,0.0,0.05510749,0.008227212,-0.5894424,1.0,0.99979144,0.006544081,-0.019342104,0.0,0.0,0.94725275,0.3204873,0.0,0.020419158,-0.32042047,0.9470553,0.0,-0.03324007,0.03075754,0.027160572,1.0,0.9986208,-0.01680731,0.04973899,0.0,0.0,0.9473744,0.32012743,0.0,-0.05250193,-0.31968594,0.94606787,0.0,0.03323242,0.0307385,0.027143784,1.0,-0.014642575,-0.27739203,0.93775725
lucas,iPad Mini 6th,Top,Regular,1715166459.017422,566.5,0.0,399.0969884641997,1361.0145468195592,0.9987169,0.024177728,0.044495177,0.0,-0.0052000703,0.92298126,-0.38481003,0.0,-0.05037203,0.38408494,0.9219227,0.0,0.05505578,0.008088345,-0.58938074,1.0,0.9997885,0.0065973285,-0.019479485,0.0,0.0,0.94715285,0.3207825,0.0,0.02056636,-0.32071468,0.9469526,0.0,-0.03324007,0.03075754,0.027160572,1.0,0.9986271,-0.016784437,0.049619883,0.0,0.0,0.9472738,0.32042512,0.0,-0.052381773,-0.31998524,0.94597334,0.0,0.03323242,0.0307385,0.027143784,1.0,-0.01451528,-0.27759686,0.9374252
lucas,iPad Mini 6th,Top,Regular,1715166459.03252,566.5,0.0,386.26685899895006,1360.0082790307174,0.9986249,0.023689976,0.046763152,0.0,-0.003863673,0.9228974,-0.38502654,0.0,-0.052278884,0.38431644,0.9217201,0.0,0.055080242,0.0077753435,-0.5893072,1.0,0.9997719,0.0068479665,-0.020229883,0.0,0.0,0.9472027,0.32063517,0.0,0.0213575,-0.32056206,0.9469867,0.0,-0.03324007,0.03075754,0.027160572,1.0,0.99866766,-0.016528137,0.048884414,0.0,0.0,0.947318,0.32029435,0.0,-0.051602956,-0.31986764,0.94605595,0.0,0.03323242,0.0307385,0.027143784,1.0,-0.013797232,-0.27740332,0.9373047
lucas,iPad Mini 6th,Top,Regular,1715166459.049128,566.5,0.0,379.00928525239465,1352.7353812878528,0.9985554,0.023671512,0.048234973,0.0,-0.0032854867,0.92294306,-0.38492227,0.0,-0.053629838,0.3842077,0.9216878,0.0,0.05511189,0.0075363554,-0.58924013,1.0,0.9997583,0.007054211,-0.020820444,0.0,0.0,0.9471151,0.3208937,0.0,0.021983013,-0.3208162,0.94688624,0.0,-0.03324007,0.03075754,0.027160572,1.0,0.99869907,-0.016346378,0.048301253,0.0,0.0,0.9472263,0.32056558,0.0,-0.050992303,-0.32014856,0.9459941,0.0,0.03323242,0.0307385,0.027143784,1.0,-0.01323105,-0.27763015,0.93714434
lucas,iPad Mini 6th,Top,Regular,1715166459.065771,566.5,0.0,370.131073387589,1349.0798073040219,0.99852306,0.023397693,0.04903262,0.0,-0.0027350388,0.92301565,-0.38475275,0.0,-0.05426021,0.38405034,0.92171645,0.0,0.05513261,0.0074510546,-0.589339,1.0,0.9997639,0.00697511,-0.020579278,0.0,0.0,0.9470787,0.32100147,0.0,0.021729216,-0.32092568,0.9468551,0.0,-0.03324007,0.03075754,0.027160572,1.0,0.9986863,-0.016431354,0.04853507,0.0,0.0,0.94719166,0.32066795,0.0,-0.051241025,-0.3202467,0.94594735,0.0,0.03323242,0.0307385,0.027143784,1.0,-0.0134610105,-0.27776194,0.9371976
